5043
4509
6027
5001
5001
6039
5182
5048
4032
5002
6066
5001
6001
5030
5001
6001
6003
4034
5001
6062
5024
4273
6001
5249
6001
6047
7927
5000
6001
6577
5028
5000
5001
5001
5074
5039
4948
5774
4505
5001
5005
4505
5000
5006
5000
6001
6506
5623
6001
5049
5533
4001
4537
5001
5001
4002
4039
4545
5001
5002
5000
4026
5001
5001
5504
5609
5706
4052
5002
5540
5001
5001
4000
5045
5596
5039
5001
5001
4563
5001
5001
5001
5002
5001
5001
5001
5001
5045
4000
6000
4942
5026
5264
4000
5030
5002
6760
4001
4543
5021
4003
5037
5000
4000
5022
5001
4554
5001
5052
5505
5001
5025
5000
5001
5000
5586
4539
5036
4432
4000
5001
5000
5021
5026
6002
7052
6802
5050
5034
8002
5748
5000
7592
5030
5038
5025
5364
7001
4001
6516
4567
7107
5001
5002
5029
4646
5030
5058
3702
5002
4000
5043
5000
8001
6069
5502
6489
15628
15625
7057
5145
6001
7061
6014
6354
8325
6134
5788
6306
7148
6086
6139
6537
7829
5265
8595
8942
5747
7179
7023
10820
5231
6411
5567
5418
5214
4904
10397
6563
5283
6260
6344
5651
6373
5226
7725
6423
6340
5210
6566
5273
5198
5246
6801
5333
6128
6638
5394
6319
6667
5562
9610
6281
6290
5280
8279
4726
5302
6368
5486
5553
8425
6388
6348
5393
5523
5217
5319
6318
5304
6433
8635
7024
6335
6387
5751
8488
5283
6365
6378
6441
6186
6595
6857
6551
6582
6647
6246
5295
6913
6240
5562
7624
5218
8807
5295
6084
8529
5625
5544
5949
9129
8406
6268
6502
6429
6268
6617
6639
6363
6635
6243
5285
5421
5405
6345
5267
6261
5589
7415
7367
6980
6328
5287
6351
7432
6291
5612
5309
4445
7401
6282
6391
5242
9687
6263
5208
6340
6305
5159
6352
5186
6315
5241
6423
7313
5285
6258
6592
5344
6263
5256
5342
5707
6696
5264
5808
7427
5245
6460
7842
7282
6317
6359
5336
6471
6357
5306
7407
5629
6698
7729
7483
7582
6451
6325
6399
6330
6227
6635
7537
5281
6143
5323
8105
6365
5640
7872
6947
6820
6470
6550
5256
5710
6820
5186
5225
6255
5300
6375
6339
6813
7324
8714
9106
8879
6854
9400
7763
8181
11727
6521
5299
6395
7484
8478
6317
8457
7419
6520
6380
7436
7442
5676
8610
7504
5299
5809
9571
7719
9104
6670
5447
7303
8532
6294
6301
7836
6387
6392
6669
7607
5606
7980
6256
5309
5728
6166
7102
5249
5694
5558
5651
6222
5209
7780
6356
6886
5218
6938
7415
7425
6251
6115
6380
5642
8589
8534
6384
6949
5550
6304
6350
5548
9407
6801
5671
5523
6109
5861
7487
7500
7335
7342
6333
5291
6340
5420
6242
6554
6190
6334
6479
6536
6331
5823
7553
6547
5659
5251
7641
5665
5576
5517
11199
8331
10077
7565
6309
7378
7403
7435
6529
7420
6352
6342
11322
6461
5578
11906
6051
7313
5567
6603
6167
5114
6732
6055
6080
5871
7579
6077
5368
5059
10002
7337
6065
6256
7225
6577
5404
8001
7745
5147
6040
9756
6135
6800
8408
6059
6543
6176
6469
6066
5711
8202
7158
9824
5123
6000
6006
5095
6024
7255
8585
5416
4924
5407
6051
6811
6798
5279
5540
6000
9820
8001
6129
6167
5767
6917
6872
6494
6119
5557
8094
8646
6002
6332
6034
7222
5464
5380
6156
6112
5652
6637
6341
5079
7602
5517
6034
6297
6012
4690
6117
6068
4001
5001
5046
5001
5001
5001
4504
5504
5526
4001
5001
5555
6001
5000
5329
5043
4549
5001
5589
4001
5533
4642
5001
6001
6023
5023
4000
4652
5001
5001
5001
5001
5000
5036
4003
5001
5000
4073
4677
5134
5264
5000
4539
5001
5455
5008
5036
5001
6001
4000
5001
4505
7004
5028
5001
4998
4000
4113
5059
5000
5064
4632
5001
4000
5017
6052
5001
5002
6001
5019
5025
6050
5000
5177
5001
6002
4561
5000
4001
4000
5043
6001
4000
4001
5001
5024
5001
4644
7001
7001
5738
5001
5023
4532
6165
5001
5001
5066
5002
4028
6001
5046
5001
5012
5001
4504
6001
6000
5103
5030
5937
6700
5001
4568
6020
5002
5001
6002
5000
5153
7001
5001
4563
4000
5022
5021
5001
4022
5028
7001
5031
5048
5043
4701
5001
5002
5001
5039
4503
6041
4558
5001
5001
5538
6542
5747
4000
5309
5001
5001
5557
6036
5051
5000
5001
4178
4020
5028
5000
4022
5044
5046
6024
5027
5053
5021
4505
4031
5001
4504
5049
6108
4001
5001
5001
5001
5028
6222
4066
5001
4002
6000
5688
5001
5001
4001
4025
6001
5001
6072
5086
4647
4001
4000
5045
5002
5511
5000
5001
4000
4536
5001
4234
5001
7078
4011
5046
5001
5001
5000
6027
4048
4522
5027
4001
5170
5000
5047
5001
5000
6001
4118
4000
5636
9066
6001
5045
9134
10126
5045
5626
5131
4999
7149
6882
5000
7001
5137
7050
6049
5140
7282
6079
6000
9155
5132
6790
7001
7581
6000
5132
5146
6239
5604
6101
6227
5108
5408
8774
7002
6141
8843
6447
5334
5131
5456
6013
5918
6051
6472
6040
4502
5829
5110
6686
6222
7153
4880
8221
6052
5184
6003
6465
6123
6262
6788
6330
4786
8059
8479
6445
6376
5067
6413
6090
7061
5192
5598
7000
5089
5625
7616
6149
8228
8053
7318
7465
6001
6416
4853
6933
6298
5549
5856
6106
6271
6125
7787
5399
8018
6728
10653
8537
7152
1520
6047
7017
6818
5120
0
15949
0
0
14015
9016
0
13516
0
0
0
9808
6035
13315
0
3823
10034
9193
3504
15659
9925
9931
7344
9020
7516
3886
6020
7516
0
0
5555
0
8017
0
15627
17142
0
8355
13006
0
2067
0
0
3073
15549
0
10505
0
0
9007
6665
12178
11492
8088
7796
0
0
13518
0
14121
0
0
5579
0
1515
0
0
15626
0
0
0
15626
3670
0
8506
1873
15630
0
0
15638
0
15627
9017
6016
15641
0
8001
6104
8992
6001
9003
5001
9007
16044
0
0
6169
6045
6233
6000
7408
6001
6001
8157
6163
6134
5220
6114
6396
7105
7043
5000
9054
9092
7066
7575
5214
6367
9639
6096
10323
6193
7636
5055
5909
9507
6052
6688
6207
7066
9219
11021
5129
8650
6147
8237
6003
5142
6526
9345
6155
6896
6584
7699
6374
5837
7051
6117
5433
5919
6084
7000
7681
5125
6206
5067
6000
5561
6215
5209
6207
9617
6001
6001
6142
5039
5089
6153
6153
6146
5132
6161
6478
5147
6754
6153
4589
6084
7882
6127
7112
5711
5138
10118
5591
5999
6213
6096
7001
7156
6141
8505
6000
6623
6037
6557
6206
6106
5001
5156
6659
5454
6375
6050
6261
4582
7099
6186
5869
6708
5249
7101
6042
5299
6069
6963
6529
10095
5057
5409
6189
7031
6093
6713
7281
6994
6001
7510
5065
4947
5122
5169
6147
8604
6058
7159
9040
5147
5637
6079
6348
5000
6697
5111
5413
5122
6206
7570
6854
6034
6759
6994
5544
6465
6166
5625
6111
5339
7000
5829
5583
6336
9099
6241
6059
6855
9123
5924
6100
6062
6156
5793
4400
5081
4680
5001
6022
5002
4521
4498
6029
4000
5001
5027
5045
5001
5001
5645
4034
5662
4566
4000
6001
5030
6550
4718
5007
5002
4634
4001
6031
5021
4002
4047
5023
4000
6030
5001
5031
5053
5026
4664
5055
5172
4000
4565
5035
5071
5001
5072
4001
5683
6075
4040
5045
5000
3683
4685
5001
4577
5611
4023
5026
5002
4053
4002
5030
5110
4000
5000
5676
4039
5021
4999
6001
5026
5641
5030
5001
5000
5001
5001
4536
5137
5028
5541
5028
5029
5001
6054
5029
6001
4698
6578
5002
5048
5717
5001
5456
5076
5030
6505
6001
7001
5001
5242
5031
6024
5552
6002
5027
5375
5027
5030
6672
5000
5001
6001
6192
5048
7001
6001
6536
5031
5028
6088
4037
6001
6001
6048
5002
5033
4518
5053
5001
5030
4515
5539
4505
5015
6045
5069
5548
5001
6000
6000
6016
5256
5001
5563
4506
4024
5036
5001
5030
5042
5629
5001
5653
5001
4042
4999
5001
6089
5023
4690
4000
4697
4023
5544
6001
5001
5000
7028
7030
5030
5567
5027
5022
5007
6053
5320
6023
5128
7232
4000
5000
5385
6000
5001
5000
5001
5001
5385
5000
5538
4212
5542
5524
6000
5042
6028
5029
4000
5001
7002
5542
5003
5001
6032
6026
5024
6247
4703
5028
6024
5633
6036
5050
5053
5026
6505
4001
5001
6000
6148
5712
5022
5050
4538
4612
5021
5703
6030
5001
5030
5002
4001
4027
7051
6001
5026
5008
4687
5001
4002
5002
4999
6030
5073
5000
6001
6001
6001
5037
5508
5022
6001
4026
6002
5001
4045
5002
6042
5099
4023
4026
6000
5078
5093
5330
6002
4562
6594
5000
5028
5680
5042
5021
4977
5195
5001
4000
4504
4658
4548
5000
6075
6051
4851
5026
5826
5002
5505
5100
5151
6023
5001
5170
4000
5023
3707
6000
4001
5000
6001
5023
4999
5505
6167
4999
6111
5001
5022
6000
5002
5577
6031
4650
6057
5001
5001
5176
4555
5021
4677
5001
5001
5001
5001
4076
7026
4541
4515
5098
5000
5000
4000
5503
4001
4575
5001
5002
4573
6506
5002
5399
5001
4032
4504
4546
6072
3999
5182
6535
5503
5047
5616
4542
4579
5533
5544
5746
5001
5062
5016
5001
7268
4999
5028
5026
4501
5051
5329
5000
6000
4614
6001
4703
5273
5000
4979
5000
4571
5008
4505
5001
6103
6134
6022
6874
7633
3541
7123
4704
5538
5053
5531
4000
6136
4052
5118
4040
5001
4108
5061
5529
5031
5783
4022
6002
4000
5038
5035
5001
5001
5054
5555
5107
7398
7421
5039
6473
6164
5020
4655
6026
6000
5007
5056
6001
3504
6001
5015
4030
5572
5034
4683
6034
5025
5187
6093
5097
5025
4001
5034
6057
6095
5045
6108
4527
7091
5064
5087
3999
5759
4895
4659
4844
5060
5339
6333
6001
6452
5459
4643
6052
3892
4874
6067
6625
5836
5573
5990
6138
5506
6014
4623
5033
6320
6050
6032
5227
4875
5042
5023
4032
5003
5000
4531
4884
5142
6003
5029
5708
4037
4776
6034
4568
4360
4554
5001
7196
6139
6069
6001
4055
5042
5029
4674
4038
4000
4037
5345
5477
5587
5000
4069
6205
4465
4002
5035
5546
4038
5028
5018
5026
5002
5161
6074
4014
6127
4025
4037
7001
4015
5000
3697
4240
5548
4503
5571
6415
6050
5001
5001
5032
5026
5587
7087
5044
4659
6001
5504
8779
5069
6036
5649
5000
4000
4000
4001
5505
5037
4950
6801
6077
7001
5001
6533
5028
5001
4002
6034
5001
4257
6019
6021
5040
5033
5063
5002
4000
5001
6299
5760
4000
5000
4026
5001
5427
5800
5352
4514
5002
5001
7674
6002
6002
4774
5046
7512
5030
6571
4912
6016
5001
6024
5018
5056
5036
5706
4295
5104
4009
5024
5017
8059
5051
6693
6418
5061
5542
5207
4283
7382
5580
5028
6037
5023
4543
5058
5016
5354
5329
5057
5001
5001
6001
8149
6001
5000
4926
5750
5002
5046
6561
5000
5000
4575
7170
6043
6389
6252
5768
5784
4000
4000
6117
4466
4998
5001
5000
5026
5001
6001
5001
5000
5544
5022
6001
7000
7144
5025
5018
6055
4068
5038
5012
4714
5642
6077
5752
4373
4747
6042
5023
11358
5177
4691
6000
6001
6054
6003
5000
6428
5068
5652
4800
5031
4505
5401
5001
5001
6186
6681
7105
5029
5421
5552
4197
5048
5002
5001
4026
5029
4001
4039
5508
4558
5001
5031
6001
5032
5505
5001
5032
4544
5398
5172
5000
6550
6000
5000
6168
6068
6060
5247
6067
5029
5472
4504
5029
5042
4590
4543
5002
5002
5021
5001
5545
6408
5001
6001
5570
4554
4000
5505
5035
4503
7001
6017
6029
7789
5039
5001
7024
6081
4999
6001
5001
5651
5000
5120
5221
5120
6000
4950
5000
6000
5001
6001
6001
5001
6001
6000
5001
6000
6155
5512
5589
4834
8045
5060
6043
5001
5016
5000
4883
5096
4003
4998
5026
5002
5635
5028
6100
5000
5029
5528
5558
4649
6004
5031
7001
6001
5078
4537
4511
7098
5078
5080
5036
4557
5579
5565
5023
4610
6025
5002
5532
6001
6001
5001
5002
5032
6048
5001
5046
5057
5926
6030
5000
5032
6002
5504
5000
4030
6594
5539
4999
5035
5000
4000
5000
5001
6063
5125
5034
6082
6172
5023
4031
5000
5764
6037
4999
6013
5000
5060
6422
7056
7017
5508
5001
4882
6076
6038
5577
6001
4000
5028
4541
5504
5029
4620
4431
4581
4526
5014
4382
5047
5001
4851
4064
4564
4292
4001
4052
5059
5071
4055
4000
4558
5018
4000
5016
5053
5504
5001
4000
5031
4000
7022
5001
4541
5001
6041
5001
5001
5022
4000
5023
5038
5001
4001
5023
5000
4023
5239
4001
4504
4124
5038
6001
4552
4529
4760
5001
5027
6035
5001
5001
6001
4859
5454
5035
5019
5044
5028
5083
5021
4000
6561
4000
5036
4572
4534
5000
5048
5001
4532
5066
4173
4596
5000
5555
5048
5023
5000
5006
5001
5585
4546
4088
5097
5000
4551
5042
4001
4019
5028
6001
5001
4569
6076
6015
5017
4035
5001
5246
4000
6001
6001
5025
6542
4504
4785
4002
4000
5020
4919
6001
4554
5001
4000
5001
4757
5001
4031
5048
3958
5001
4000
5101
5044
5027
6049
5001
6027
4084
5024
4000
5001
4532
5002
4119
5001
5026
5001
5001
6001
5001
5000
4000
5001
5046
4752
4000
5022
5453
5001
4895
5000
5025
5000
4341
5000
5521
4295
5001
4034
5000
5112
6027
5001
5001
3688
6000
5022
5001
5001
5037
4000
5177
4024
5001
5024
4000
5001
5001
5047
5000
5002
5534
4532
5001
4000
5764
5041
5001
5128
5001
5656
5001
4582
5000
4000
6001
5001
5257
5001
5045
4540
5022
5001
5001
4530
4028
4583
5033
5041
4560
5002
5039
5000
4000
4343
6560
5604
4191
5636
4696
5344
5021
5001
4618
5026
5003
5050
5046
3967
4987
4000
5001
5003
5004
5030
5048
5001
4026
4000
4505
5037
5535
4050
6001
4075
4000
5000
4688
5001
5027
4918
4078
4669
4000
5496
4001
5000
5052
5029
5000
5037
5037
6052
4571
4650
5013
4532
5034
4744
5059
5001
5040
4504
4526
6001
5001
4205
5001
4527
5025
5543
5001
4629
5000
5558
5765
5027
5035
5604
5050
5059
4002
4542
5048
5044
5578
4620
20034
5033
5001
5136
5002
5001
5544
5537
6001
5047
5044
6001
6134
5039
5030
4100
4369
5083
5743
5112
5001
5002
4000
4543
5000
4504
6001
5219
5026
5062
5024
4504
4529
4991
5040
5000
5033
4000
4535
5000
4000
4002
5001
5001
7035
5028
5637
4682
6000
5001
5001
4020
4539
5001
4615
3675
4001
5001
5027
5040
5023
4534
4044
5045
4000
4000
4836
5376
5001
5143
5025
5541
4001
4544
5031
6001
5908
5002
5858
7108
5001
4000
4261
5023
5001
5001
5045
5044
5000
4000
5026
5018
4548
5000
4000
5025
5036
4505
4053
5005
4501
5000
5016
5002
4533
5181
4027
5001
4729
5001
4049
4033
4001
5022
5002
4062
5022
6000
4002
4008
5001
4737
4234
5020
4001
5001
5001
4030
4375
4002
5069
6222
6078
6047
5001
5503
5001
5001
5000
5054
7051
5026
4000
4505
7001
4001
4014
6002
5021
5001
5001
5001
4023
5025
5601
5001
5022
5001
5022
5001
5001
5108
5048
4027
4505
5000
4546
6046
6026
5000
6030
5022
5033
4519
5002
5000
5036
5038
5029
4002
4504
5251
4920
5001
5002
5001
4026
5001
5028
5013
5021
4533
5001
6025
5040
5001
5030
4959
5042
4086
5041
4889
4030
5015
4042
5046
4000
5001
4002
5002
5019
4913
4000
5023
5027
6002
5002
5054
4505
4000
4026
5001
5001
5024
5062
7001
6993
5014
5547
4000
5149
5046
4595
5001
5018
3999
5544
4551
4534
4048
4505
5029
4504
4614
5001
5028
4000
5001
5026
5001
5001
5506
6001
7002
5001
4000
5001
5001
4983
5027
4534
4000
4023
5032
4613
4000
5027
4597
5023
5069
5054
5033
4049
5086
4040
5183
5001
6657
4539
5049
5001
4824
5582
5001
6738
5024
4035
6030
5001
5816
4520
4000
5048
4533
4002
6025
6000
5000
5001
6050
4910
5677
4693
4562
5000
4008
4544
5001
5045
5530
5034
4034
6049
5001
5534
4001
5032
4001
5607
5423
4276
4667
6564
4612
6001
5110
5001
4000
5001
6066
4120
5059
5037
5025
5001
5033
6002
5001
5022
5026
5317
5022
5571
5049
5627
5001
5021
5012
5227
5024
5625
6010
7053
5549
5002
4946
4019
5497
6599
4276
5069
5038
5028
6001
5000
4682
5249
4007
5059
6105
5001
5001
6001
5035
5532
5001
6002
4028
5001
5028
5025
5502
5117
5001
7027
4535
5623
5001
6093
5028
5016
6131
5038
5025
5001
4565
4000
5089
4549
5534
4000
3628
5001
6001
5002
5921
5034
5046
5029
4504
6407
5041
5002
4342
5000
4710
5151
5110
7036
5018
5222
5025
5634
6000
5001
5210
5008
5001
5001
5002
5069
5023
5002
4504
5026
5002
6001
5001
5124
5039
4047
5000
4064
4556
5090
7121
4532
6040
5492
6039
4012
5044
5535
4606
4020
5355
5028
5001
6024
4023
4552
4000
5002
5001
5069
5788
4759
8132
5001
6001
5339
5025
6032
4718
5537
6001
5129
7219
5133
5022
4230
5022
4000
6001
5039
6032
5022
5498
4549
6558
4557
6110
5021
5635
5001
6028
4397
5000
5001
5058
5559
6027
6001
5001
5001
4547
7899
4278
5044
5343
6018
8279
6146
5012
5027
5002
6296
5001
6519
5143
7001
6589
5110
4421
6505
9294
9637
6052
8001
7001
7323
6049
6056
5032
5545
5001
4001
5646
6001
5000
5550
5059
4000
4000
5026
5044
4561
4504
5028
5652
5002
5001
4999
5002
5001
4666
5047
5024
5030
5030
8110
5078
5001
5001
5001
6010
4002
4295
5048
5028
5564
5083
6136
5645
5062
5001
5012
6035
4531
5140
7022
5143
6196
4000
5187
4720
5001
5001
6062
7037
6112
5000
6003
7107
7993
7001
5552
6000
6455
5524
6003
5000
5002
6001
7004
3592
5001
6002
6002
5001
4504
6003
5001
5001
4036
5001
4000
6001
5565
6041
6001
6001
6003
5001
5033
5424
6000
6022
5002
4634
6004
5001
6003
5506
4505
5001
5001
4540
5001
5002
4000
6001
6055
5032
4043
5007
5810
7101
7125
6851
6060
5029
4030
6043
4000
5036
4505
5027
5028
6584
5505
5550
4925
8408
6340
6188
6599
5520
7089
8077
5001
6538
5001
5002
5503
6042
4504
5191
5025
6027
5001
5001
6001
5031
5540
5053
6010
5034
5029
6078
5042
5018
6017
4001
5001
5001
6026
5014
5479
5001
5059
