21
901
1720
10
1367
3919
0
0
1398
872
0
1229
3
30
0
292
0
0
2
12
10
43
384
2
362
438
0
0
0
2865
5
297
409
1576
3
1764
1
13
0
13
43
0
8
0
645
19
930
485
25
295
55
0
692
1065
23
68
1068
1656
5
6
1027
20
0
11
22
0
3
1
0
0
2267
43
24
2
3
416
1448
849
1200
87
5
723
0
0
4553
0
1461
337
533
0
750
1515
3
2648
2160
960
339
48
162
6
24
643
1
4
299
0
451
0
6
3
0
969
888
857
40
2078
80
0
8
3
549
754
74
0
8
320
13
6
1
0
3670
267
85
0
289
0
0
2
1475
3052
24
1841
523
0
1698
96
0
23
0
3112
1549
18
20
2177
2422
0
253
270
516
6
8
1567
4
0
3
638
0
7
1166
21
71
3
3836
3
0
0
726
1230
458
0
273
366
893
5
693
9
1
1054
1090
0
3258
20
7
2675
1
1833
8
0
0
15
0
253
560
377
2
1198
19
13
554
1657
0
15
667
162
566
11
2674
0
804
67
542
1658
5
13
1157
24
15
368
237
1185
4535
1102
0
2
48
0
2759
704
0
29
1
318
0
1780
144
8
0
0
425
0
40
9
1
1821
22
0
1
1416
5
76
0
2523
2
2433
0
837
343
21
13
538
1754
372
49
3958
10
15
0
2230
1991
6
0
0
0
50
2366
1146
750
202
1136
522
215
3
0
308
1
13
1058
15
3
1700
3304
1
1096
1157
77
3182
312
2803
0
1854
78
0
1592
33
12
1
1662
26
2141
1372
1
0
2133
9
71
0
5
0
7
1
709
1046
358
1095
222
0
241
184
2
25
158
795
5
868
63
27
0
2
50
20
1930
1593
1158
1331
2727
328
498
773
0
21
1205
308
7
0
635
9
21
5
2
3035
0
24
64
3822
0
723
318
0
147
5407
0
4
24
1
0
600
22
493
2
534
2514
28
437
46
2
11
0
0
864
0
58
645
2
0
5
3178
0
0
3351
0
5034
2721
682
0
0
1519
1
0
0
0
0
81
577
1559
1540
0
23
0
866
0
2
0
2437
1739
8
0
0
47
7
827
19
0
8
7667
0
478
10
0
1033
1021
1482
292
1506
729
0
0
454
4
40
0
1870
7
5
2635
3924
0
1411
1211
0
0
1
448
1246
0
211
10
750
574
0
7
285
878
721
2301
40
519
38
0
7
11
2129
3
25
0
689
37
10
1908
2
12240
1
1
732
4841
333
0
201
132
98
1048
1285
131
1
1
1
3
232
95
3067
93
1
1351
1298
107
0
0
54
0
0
0
3
92
82
164
6
308
40
58
0
6
35
0
126
136
4327
5452
3400
0
13
12
14
3
105
211
2873
0
1
568
7
26
120
1312
1
755
1547
5
3
736
301
10
4
1311
1319
0
151
0
19
0
1095
0
6
635
1766
2
0
12
993
4074
2546
1737
1844
1123
14
2588
606
0
1197
138
1346
286
1
35
3016
6
97
6330
289
4014
5
1429
2
76
1018
2
15
637
948
1
1635
1
4021
3636
313
1608
0
299
0
40
268
449
147
0
0
612
0
953
1172
1107
0
0
1090
523
0
1
1270
0
698
524
2114
1091
592
2917
134
775
1573
8
5253
685
2564
4
71
2359
17
0
4
5
105
822
740
33
452
4947
0
233
385
571
907
0
307
791
20
17
1554
137
743
67
879
35
1563
1398
4317
624
0
308
4385
232
156
11
0
777
75
0
0
288
361
0
40
773
152
1
82
24
2
79
3530
2278
1545
18
235
1846
1624
1704
3042
0
211
0
652
461
4865
1078
0
2514
2043
161
65
973
138
8
0
0
1287
15
42
586
0
2523
5380
4003
655
649
958
2605
963
15
1413
14
862
2114
3
312
8
538
12
1139
2428
20
306
2
98
1294
71
247
43
2
1120
3146
1409
0
1550
211
1123
274
1539
83
0
2716
773
1566
151
2
0
144
2
839
505
0
1318
32
52
0
421
30
0
1629
0
4127
114
57
54
1873
0
1751
290
697
494
102
0
12
23
1
3524
822
59
1936
166
1
2
17
2067
0
106
508
3844
459
7
1149
179
0
250
0
11
0
0
498
1489
44
795
1683
1932
210
2
3
0
1435
1166
12
4
0
171
846
0
0
0
49
0
0
91
561
1755
495
537
0
53
1150
1338
25
2342
4
272
1020
1
128
510
145
698
0
91
12
1652
41
66
0
4
6
24
1
1
15
0
2178
779
86
16
0
0
194
8
1314
0
1232
3
0
0
0
10
1941
1
2964
56
690
158
73
0
1
19
3
1389
785
2
96
184
19
0
70
2018
27
12
1
43
12
8398
7
778
0
65
901
125
34
1197
4
97
0
616
362
326
120
0
371
5388
1702
28
116
5
0
21
2
25
258
48
904
100
101
1
7
0
210
0
658
0
0
1341
0
0
0
16
7
1269
1147
0
0
5753
376
0
89
975
7
141
1
94
43
0
9
1
17
328
1366
843
688
782
47
80
119
204
1
173
1736
1100
0
0
11
1572
216
1058
1537
3708
2
40
23
107
2490
98
0
180
12
0
284
0
0
0
0
11
2088
26
0
0
1889
30
230
213
17
1413
613
5
1434
0
3
7
11
13
1236
2
2614
18
3934
11
24
1337
39
13
5
3
0
2514
0
92
2079
73
0
76
6
0
341
7
33
883
1145
22
124
51
45
204
2
350
43
1642
189
81
5
11
623
0
2
684
1045
0
107
116
1955
18
4529
1741
665
443
237
388
45
97
83
409
5725
26
2
102
21
0
14
824
84
0
174
944
282
8
1114
0
24
1794
2661
455
1650
1179
5212
26
20
0
0
0
512
15
22
74
12
2557
0
1042
74
155
0
2
0
37
1
1237
0
0
3
936
1918
282
0
1046
1451
24
882
0
56
2072
1038
521
0
4097
676
19
1633
5
46
149
458
4
0
3
1
618
0
24
4
0
87
44
38
2090
14
4113
1042
2199
1
237
483
113
2
912
833
2383
417
0
3166
0
9
2
248
0
187
0
1130
85
2440
32
2357
1
2156
143
6
766
427
0
1282
217
206
980
3
3787
506
2518
7
5
0
0
467
199
0
2332
466
6
2970
2
0
0
84
1624
157
335
6
872
13
2
3085
0
44
4
0
1308
1108
0
230
3209
434
23
0
0
3
1220
3
454
682
20
693
2
212
0
378
326
3010
12
1433
0
0
436
714
0
0
12
2023
69
4
0
0
10
271
6
315
19
2258
167
392
1
4850
479
2381
243
236
662
0
1238
782
245
0
316
8
1203
0
564
217
4
462
2612
1521
2
729
1048
756
316
2713
2733
583
933
2275
1071
569
4
3
0
3107
64
852
6
910
2
923
508
252
462
145
1125
1115
9
2996
20
742
43
676
3100
1062
36
255
20
0
1225
1
14
582
1013
2924
5822
9
2824
391
21
843
1530
1793
42
497
337
5
54
90
0
571
3
1049
641
1
188
14
2083
276
311
0
276
4399
2484
13
0
0
354
5
11
47
1178
1012
1799
331
1175
2278
0
785
4
0
3148
67
5
1
6
492
47
503
3
5829
436
1760
0
367
69
1416
1068
44
189
1888
1825
0
0
770
62
23
302
3
3405
12
0
2240
953
8
87
720
3
12
19
0
0
1030
1332
0
398
6990
218
4550
1519
2
0
2
65
49
0
1993
23
442
990
46
1
4
761
22
5650
120
3
29
3596
180
418
709
587
1278
1732
1510
6
34
617
0
17
1
6730
406
0
4488
5332
1971
12
598
0
1007
154
1
812
2
18
1
1998
6
328
391
0
5470
20
173
584
1855
1509
1315
2312
1463
2324
42
0
7
0
10
1723
11
0
2
13
1
0
1968
330
2245
5326
0
