5450.0
4830.0
9620.0
7350.0
4250.0
4730.0
4370.0
7820.0
8900.0
6570.0
4230.0
9040.0
3500.0
5930.0
6270.0
4060.0
8890.0
4400.0
4840.0
7610.0
9340.0
7070.0
9320.0
4730.0
3610.0
4080.0
4430.0
6120.0
5410.0
7960.0
4550.0
5810.0
8130.0
4760.0
5660.0
4300.0
8210.0
5160.0
7240.0
3670.0
6220.0
4350.0
4600.0
3330.0
3260.0
4320.0
9370.0
5310.0
5050.0
5230.0
5000.0
8490.0
7380.0
7850.0
5120.0
5350.0
9880.0
7100.0
16640.0
13170.0
3780.0
4850.0
11560.0
8230.0
4250.0
7300.0
6540.0
12620.0
10330.0
9800.0
7790.0
3480.0
7770.0
9250.0
5390.0
5000.0
7390.0
3870.0
5940.0
19370.0
6000.0
7300.0
6670.0
5190.0
6230.0
7270.0
6400.0
7750.0
5760.0
12540.0
5070.0
39340.0
22140.0
15450.0
5160.0
8070.0
8700.0
7170.0
5110.0
3760.0
4390.0
5480.0
5950.0
9420.0
4790.0
4750.0
4460.0
1100.0
1220.0
7610.0
16890.0
6060.0
2550.0
3520.0
3810.0
1760.0
2686.0
32640.0
3220.0
1200.0
2650.0
5090.0
1780.0
1280.0
4050.0
17300.0
31960.0
12400.0
17840.0
22350.0
22010.0
30470.0
29850.0
7620.0
2500.0
9360.0
4250.0
3720.0
8170.0
9960.0
5190.0
1770.0
1940.0
1370.0
1850.0
1620.0
1470.0
2760.0
7550.0
4030.0
2980.0
3910.0
2220.0
40990.0
2140.0
40900.0
27210.0
6310.0
3350.0
2290.0
39080.0
3140.0
15380.0
1330.0
1660.0
31820.0
1730.0
410.0
3970.0
8860.0
13330.0
9190.0
3090.0
1940.0
7410.0
6140.0
2330.0
1930.0
1280.0
1790.0
1080.0
4570.0
3940.0
1120.0
4660.0
24970.0
3020.0
3160.0
2340.0
2410.0
1160.0
1930.0
3880.0
2420.0
1490.0
1500.0
6630.0
3170.0
7880.0
1470.0
6420.0
1940.0
7140.0
5450.0
1520.0
4440.0
4530.0
6310.0
1410.0
4500.0
3210.0
2570.0
3280.0
6260.0
4490.0
1860.0
1350.0
3070.0
9760.0
7010.0
1110.0
1260.0
6160.0
2630.0
1520.0
9450.0
6550.0
6860.0
2730.0
6120.0
3480.0
9010.0
1200.0
8070.0
8820.0
6570.0
6610.0
2510.0
5160.0
2360.0
1830.0
7600.0
43330.0
8620.0
1290.0
1750.0
2150.0
8630.0
4370.0
4630.0
3060.0
2390.0
1300.0
7420.0
1950.0
2360.0
1800.0
3230.0
3580.0
5070.0
9400.0
2820.0
7940.0
2060.0
7980.0
3270.0
4800.0
6410.0
8220.0
3720.0
1740.0
1740.0
2310.0
1760.0
2210.0
3210.0
1070.0
9350.0
38810.0
1620.0
2090.0
1290.0
6410.0
1370.0
940.0
2130.0
1920.0
9690.0
9780.0
1590.0
1080.0
9020.0
810.0
9030.0
3560.0
2120.0
3100.0
6490.0
1040.0
1860.0
2390.0
190.0
9910.0
1310.0
3170.0
2520.0
1950.0
1220.0
1650.0
3650.0
1240.0
3780.0
4900.0
4850.0
5680.0
5410.0
5690.0
3930.0
6000.0
7780.0
7220.0
62730.0
14920.0
19720.0
14870.0
19430.0
16280.0
13140.0
19200.0
16100.0
20900.0
49100.0
11670.0
18440.0
56130.0
45790.0
48100.0
35150.0
17270.0
38730.0
32670.0
38470.0
48170.0
24680.0
28650.0
32090.0
62770.0
11680.0
41700.0
17930.0
20770.0
15050.0
3270.0
25900.0
66530.0
27700.0
43980.0
1490.0
35580.0
5050.0
12640.0
4150.0
26360.0
1320.0
26800.0
34440.0
9220.0
25890.0
2150.0
2330.0
1230.0
40270.0
33190.0
6900.0
34930.0
2650.0
72990.0
38160.0
39680.0
4210.0
5850.0
42740.0
34100.0
67350.0
23460.0
27910.0
4660.0
2470.0
41660.0
2400.0
19260.0
46240.0
44460.0
4360.0
66520.0
45010.0
49550.0
34070.0
20490.0
1440.0
34910.0
84400.0
10130.0
12410.0
49920.0
5780.0
72120.0
10250.0
53870.0
80330.0
57710.0
69070.0
67210.0
61330.0
49150.0
73070.0
1050.0
64120.0
72960.0
10460.0
11600.0
14740.0
16650.0
28920.0
24300.0
44670.0
14350.0
6380.0
25330.0
36100.0
22350.0
37460.0
5440.0
36290.0
28250.0
6570.0
4790.0
26440.0
36420.0
8510.0
26890.0
41290.0
45330.0
25540.0
11140.0
26070.0
21830.0
25510.0
4990.0
32300.0
48260.0
10350.0
19070.0
13360.0
10170.0
5210.0
9590.0
12150.0
5900.0
17570.0
1330.0
1630.0
1180.0
1830.0
5720.0
23440.0
5320.0
8000.0
10660.0
13820.0
5810.0
13870.0
10020.0
7530.0
11330.0
5110.0
5960.0
10090.0
9920.0
9890.0
5460.0
10310.0
9140.0
4340.0
13080.0
5160.0
4540.0
3690.0
12030.0
8230.0
5530.0
9690.0
14770.0
4610.0
6630.0
6350.0
10100.0
7330.0
10080.0
4430.0
13430.0
9010.0
8350.0
6730.0
8370.0
7920.0
7600.0
1290.0
3930.0
4980.0
6590.0
14360.0
13670.0
5610.0
4670.0
10740.0
5820.0
5820.0
5270.0
5710.0
4950.0
5200.0
1120.0
1080.0
12150.0
7640.0
12410.0
7830.0
4890.0
9060.0
9370.0
5660.0
10110.0
9560.0
1490.0
1490.0
1230.0
4620.0
3980.0
4770.0
6570.0
4600.0
8890.0
6400.0
6190.0
1770.0
9030.0
7840.0
1060.0
5730.0
3920.0
5720.0
4450.0
7600.0
9910.0
4770.0
5710.0
5470.0
7240.0
3690.0
5640.0
6300.0
5880.0
8390.0
1321.0
5410.0
6240.0
12220.0
9400.0
7200.0
5750.0
5630.0
1130.0
1140.0
7460.0
6920.0
5340.0
5020.0
6050.0
13370.0
4770.0
4840.0
3990.0
11670.0
5480.0
5010.0
7850.0
5370.0
6560.0
9060.0
9730.0
6320.0
9180.0
11770.0
8640.0
21670.0
4030.0
5660.0
4250.0
11310.0
6750.0
5540.0
8310.0
5110.0
9520.0
9550.0
5330.0
16650.0
4500.0
17340.0
19720.0
5960.0
9480.0
15790.0
8160.0
5220.0
12870.0
12330.0
4910.0
13080.0
4640.0
15620.0
8600.0
12640.0
4180.0
12980.0
8420.0
4190.0
3520.0
7150.0
8960.0
17710.0
14290.0
4950.0
8730.0
11390.0
16430.0
11860.0
5170.0
6690.0
8320.0
6540.0
8970.0
5920.0
21420.0
4860.0
6330.0
7720.0
19690.0
9010.0
12640.0
13180.0
7580.0
11830.0
5910.0
16470.0
4640.0
11070.0
8310.0
16470.0
5630.0
5250.0
5710.0
6310.0
7990.0
7920.0
11110.0
7830.0
7580.0
7850.0
7820.0
10860.0
8170.0
4120.0
10920.0
5570.0
6710.0
15590.0
4770.0
4670.0
7010.0
8390.0
5000.0
5880.0
5120.0
9600.0
6880.0
7130.0
11000.0
5910.0
6970.0
3530.0
11190.0
7820.0
7640.0
5320.0
11580.0
7580.0
15040.0
4040.0
18180.0
19710.0
5010.0
6510.0
11890.0
8500.0
7070.0
9080.0
11190.0
8570.0
18890.0
7850.0
5450.0
22920.0
10950.0
10750.0
8940.0
4390.0
5250.0
10050.0
14950.0
19080.0
10380.0
4210.0
29060.0
4180.0
17970.0
3980.0
4720.0
4620.0
3420.0
3660.0
7080.0
5740.0
3010.0
3830.0
4210.0
26080.0
8230.0
3580.0
6630.0
8570.0
4300.0
11000.0
8510.0
4430.0
12000.0
8890.0
4290.0
3570.0
6950.0
4630.0
10870.0
4040.0
58900.0
3060.0
3960.0
5320.0
7560.0
4130.0
7290.0
9100.0
8250.0
3580.0
12210.0
5240.0
4490.0
7150.0
3850.0
3290.0
9000.0
9210.0
9030.0
3440.0
10130.0
5430.0
6520.0
13090.0
10360.0
7080.0
7140.0
11650.0
6120.0
6740.0
19100.0
16180.0
12560.0
14360.0
23110.0
47210.0
33340.0
10220.0
10040.0
14840.0
35560.0
21200.0
4070.0
3720.0
9050.0
4060.0
9880.0
8470.0
16510.0
4050.0
9470.0
4630.0
6750.0
3390.0
6080.0
6740.0
5820.0
2950.0
6730.0
6680.0
7600.0
3790.0
7610.0
17610.0
39130.0
22790.0
70350.0
22850.0
19420.0
10680.0
16520.0
20450.0
28080.0
14280.0
12790.0
12510.0
3640.0
5320.0
10400.0
4650.0
6970.0
3030.0
4160.0
3630.0
8230.0
4060.0
5000.0
17260.0
4810.0
10300.0
20270.0
19130.0
3390.0
5800.0
5630.0
17800.0
9260.0
9500.0
28390.0
18530.0
13560.0
162170.0
16730.0
2920.0
5020.0
20520.0
10500.0
16510.0
2950.0
2320.0
3880.0
9320.0
6700.0
7250.0
5090.0
5050.0
3290.0
4550.0
3800.0
4480.0
2740.0
2970.0
12320.0
6900.0
13270.0
9860.0
3810.0
9740.0
14630.0
17810.0
4860.0
30100.0
6540.0
9320.0
2480.0
18860.0
22150.0
7790.0
10020.0
5090.0
24290.0
22170.0
3360.0
57550.0
10860.0
5100.0
2620.0
31320.0
7150.0
3430.0
10450.0
5560.0
16950.0
2570.0
14150.0
12890.0
2800.0
4890.0
9480.0
3600.0
2620.0
14020.0
6490.0
9410.0
12960.0
22910.0
18160.0
4930.0
6380.0
9830.0
11690.0
16600.0
20600.0
28380.0
10040.0
9270.0
12820.0
15930.0
11810.0
16100.0
12480.0
31900.0
7980.0
15870.0
8700.0
3860.0
12690.0
7200.0
3020.0
11360.0
8350.0
4020.0
13310.0
3900.0
4020.0
26500.0
7240.0
19620.0
18070.0
12990.0
14370.0
3530.0
5330.0
5840.0
5060.0
8820.0
5930.0
3370.0
4100.0
22460.0
7010.0
4380.0
3530.0
5840.0
8620.0
10870.0
3780.0
8560.0
3100.0
3280.0
5610.0
25090.0
6780.0
7050.0
5770.0
7070.0
12710.0
6820.0
6810.0
4180.0
27000.0
9050.0
5070.0
3980.0
3550.0
4140.0
9660.0
19790.0
4850.0
5110.0
3750.0
3430.0
11290.0
4010.0
10540.0
4680.0
20320.0
6780.0
5270.0
9320.0
11950.0
11660.0
5210.0
3340.0
11310.0
13160.0
4160.0
13490.0
8990.0
6890.0
3490.0
8370.0
3690.0
7880.0
5680.0
67720.0
23460.0
12840.0
6920.0
8460.0
7480.0
4650.0
9670.0
5300.0
4140.0
4720.0
4980.0
29690.0
22620.0
12700.0
13930.0
5070.0
3000.0
3660.0
11530.0
12420.0
4830.0
6630.0
9720.0
9620.0
13540.0
4080.0
3360.0
12870.0
4490.0
6460.0
24110.0
35640.0
13250.0
13000.0
11590.0
4330.0
4500.0
12150.0
19280.0
6920.0
12370.0
3570.0
23460.0
4220.0
14030.0
5230.0
13500.0
4640.0
13290.0
3520.0
5940.0
17170.0
5500.0
9320.0
9390.0
11670.0
9590.0
4430.0
8780.0
7650.0
7160.0
7400.0
8600.0
5700.0
3640.0
4740.0
5550.0
22620.0
7150.0
10880.0
5690.0
7680.0
4650.0
19770.0
19010.0
19060.0
12260.0
5360.0
9380.0
6930.0
5040.0
9700.0
7250.0
14130.0
5480.0
6740.0
10070.0
221560.0
36060.0
29600.0
22790.0
5180.0
20120.0
20510.0
8130.0
38170.0
36600.0
6760.0
5110.0
7070.0
7230.0
4560.0
6360.0
6090.0
5400.0
21790.0
31360.0
15600.0
3950.0
9700.0
11920.0
6370.0
6770.0
5980.0
5460.0
4600.0
8030.0
7450.0
13730.0
22950.0
4750.0
12240.0
5120.0
4880.0
5240.0
5050.0
12860.0
15380.0
5720.0
13160.0
5080.0
9090.0
9620.0
9850.0
11340.0
16520.0
6450.0
7060.0
6510.0
4360.0
4850.0
6320.0
6550.0
10810.0
7980.0
12860.0
28030.0
6870.0
14190.0
35020.0
4350.0
12640.0
22660.0
4990.0
7720.0
7710.0
11080.0
8910.0
8860.0
4300.0
8480.0
5630.0
3980.0
5660.0
4290.0
9580.0
15250.0
10480.0
8870.0
28030.0
29100.0
28170.0
104390.0
3940.0
6870.0
4050.0
11460.0
42260.0
11010.0
4300.0
5910.0
4820.0
3800.0
6290.0
15410.0
29220.0
18640.0
36270.0
24020.0
32810.0
21170.0
17910.0
17050.0
26460.0
31150.0
26450.0
40850.0
22150.0
7640.0
13880.0
6630.0
10720.0
6350.0
11330.0
7530.0
5800.0
20100.0
4700.0
13690.0
28560.0
20140.0
5000.0
25860.0
50640.0
10370.0
7000.0
8810.0
4750.0
21280.0
24510.0
41540.0
16630.0
11510.0
22880.0
13810.0
22130.0
33470.0
16470.0
27390.0
4710.0
6950.0
6580.0
6530.0
13870.0
4590.0
22690.0
18090.0
5350.0
13450.0
10910.0
13620.0
4260.0
4800.0
5650.0
16940.0
10350.0
15350.0
4510.0
4950.0
5200.0
12090.0
11550.0
4850.0
4200.0
6780.0
6890.0
21220.0
6900.0
42280.0
4740.0
5950.0
5460.0
34600.0
13980.0
12710.0
15060.0
46400.0
16380.0
17160.0
5430.0
15220.0
5720.0
5850.0
5050.0
13130.0
5210.0
11120.0
6090.0
25380.0
4970.0
6520.0
4150.0
6040.0
14660.0
20610.0
20660.0
29190.0
3960.0
12570.0
4540.0
5350.0
5780.0
11640.0
10550.0
7790.0
10710.0
4810.0
9320.0
9850.0
7200.0
11900.0
13140.0
3820.0
4620.0
4760.0
3760.0
5330.0
5480.0
10980.0
6400.0
25870.0
8340.0
8380.0
4900.0
7520.0
19660.0
4540.0
13160.0
9560.0
15810.0
13430.0
10950.0
4600.0
14030.0
5990.0
12200.0
5700.0
22970.0
5440.0
5760.0
5840.0
21820.0
24530.0
9940.0
8280.0
19030.0
8040.0
21060.0
18540.0
11090.0
7820.0
14510.0
29040.0
11020.0
6100.0
8700.0
15240.0
13830.0
4490.0
6630.0
11680.0
22160.0
13480.0
5430.0
7510.0
6280.0
6290.0
8510.0
13930.0
12370.0
4370.0
14500.0
13380.0
10640.0
9740.0
10490.0
10370.0
11910.0
8970.0
4280.0
23030.0
24500.0
15480.0
27930.0
13190.0
15380.0
5950.0
6860.0
4580.0
29210.0
22220.0
21910.0
11060.0
9290.0
27090.0
14500.0
11660.0
29230.0
23170.0
20360.0
27320.0
32280.0
18860.0
4120.0
38110.0
24530.0
43750.0
24650.0
6200.0
18720.0
7280.0
14640.0
36150.0
6110.0
5270.0
15660.0
16030.0
4540.0
6690.0
5930.0
7960.0
8430.0
4510.0
4420.0
8880.0
5600.0
11400.0
12110.0
7960.0
4520.0
11740.0
16430.0
9430.0
9740.0
17420.0
40220.0
7870.0
25860.0
22280.0
17450.0
5620.0
10860.0
27680.0
30950.0
16990.0
42450.0
6450.0
14380.0
39100.0
7300.0
11260.0
12890.0
5770.0
48000.0
45610.0
27560.0
30240.0
22020.0
20650.0
14150.0
7490.0
5030.0
8660.0
67020.0
31490.0
6920.0
8370.0
36550.0
38690.0
15610.0
8920.0
13620.0
5650.0
7590.0
5870.0
5120.0
6430.0
4510.0
5320.0
6800.0
6990.0
3570.0
4280.0
3640.0
3970.0
4070.0
5130.0
6480.0
3850.0
5610.0
4530.0
5210.0
15730.0
3590.0
3600.0
6410.0
10910.0
4420.0
7080.0
8140.0
11320.0
13470.0
3120.0
5160.0
3550.0
12380.0
3800.0
13810.0
5730.0
3970.0
6720.0
5250.0
11500.0
9080.0
7680.0
7310.0
11800.0
7850.0
7430.0
4390.0
5190.0
5720.0
6390.0
4230.0
8310.0
21740.0
7450.0
10160.0
9720.0
4300.0
12260.0
7080.0
5130.0
4150.0
7900.0
14380.0
5950.0
4440.0
5910.0
9200.0
7940.0
5630.0
7530.0
4230.0
4400.0
3550.0
3960.0
11510.0
3780.0
12790.0
10500.0
4390.0
8570.0
5780.0
4450.0
12710.0
3480.0
16200.0
23080.0
8050.0
3360.0
5800.0
5020.0
4780.0
24440.0
4010.0
10850.0
8210.0
11250.0
4370.0
9310.0
6450.0
11200.0
3220.0
7990.0
8230.0
3390.0
3350.0
21870.0
10630.0
13210.0
7010.0
9490.0
3270.0
3430.0
6580.0
3770.0
4300.0
4470.0
14020.0
16740.0
12790.0
3620.0
7480.0
10390.0
7500.0
10230.0
5450.0
20730.0
6340.0
10340.0
11010.0
8370.0
4880.0
6890.0
11040.0
4990.0
6380.0
4790.0
7250.0
3230.0
5790.0
10220.0
4780.0
4520.0
12890.0
5040.0
9300.0
9000.0
7460.0
4180.0
9330.0
12450.0
4420.0
8420.0
17700.0
29320.0
29550.0
26850.0
20580.0
8590.0
35990.0
36140.0
7810.0
9080.0
7240.0
3530.0
22090.0
31640.0
15550.0
15140.0
19760.0
3660.0
133860.0
12290.0
35440.0
23380.0
33070.0
7480.0
32970.0
22490.0
