17
4
4
4
12
4
3
10
4
3
3
2
3
3
3
5
9
4
3
8
3
9
7
10
5
12
4
8
8
8
11
9
16
3
3
7
4
11
3
6
3
11
23
4
3
2
5
11
2
6
5
2
2
6
2
6
7
3
7
2
2
5
5
6
2
6
5
5
2
6
2
6
2
2
6
13
2
2
2
3
3
2
2
6
2
6
8
6
2
3
13
6
3
6
8
6
8
14
6
3
8
13
3
6
6
7
12
7
3
3
3
7
2
3
3
14
5
6
3
6
6
12
2
12
2
2
3
2
11
8
6
14
7
6
13
3
3
6
3
2
3
6
6
2
8
2
14
3
6
3
7
2
3
3
6
3
3
8
13
3
2
6
6
2
7
3
3
2
2
2
2
6
6
3
3
6
3
6
6
3
6
6
6
3
6
6
6
2
6
8
2
6
3
6
2
6
3
2
3
6
2
6
8
2
6
3
2
4
4
7
6
3
6
6
2
3
3
2
13
2
3
3
3
6
2
3
7
6
3
3
8
13
3
7
3
3
6
4
3
3
3
3
3
16
3
6
7
5
2
5
7
2
2
5
3
12
3
2
5
7
11
2
8
5
2
2
6
11
3
2
4
10
4
4
3
3
8
3
8
3
3
5
4
8
3
3
19
6
4
10
4
4
8
4
6
4
19
8
14
6
6
4
4
7
13
7
5
10
7
6
8
11
7
10
5
4
5
11
3
5
10
7
4
10
3
3
3
3
8
9
5
3
3
9
4
7
3
4
5
3
5
8
11
3
11
13
8
4
17
4
8
3
8
8
11
16
8
4
8
19
5
4
17
3
5
3
3
3
6
4
5
7
14
4
4
3
3
5
5
3
3
4
4
4
3
7
4
3
11
10
4
3
6
5
17
13
4
3
4
16
7
3
3
5
3
5
4
19
7
4
3
7
4
4
4
3
5
4
4
3
4
10
4
10
4
8
17
9
11
6
4
3
5
70
4
4
8
5
4
5
3
4
4
17
13
4
6
3
34
5
4
4
11
3
9
9
5
5
11
9
4
4
4
6
4
3
15
4
8
3
19
5
4
4
3
3
3
3
5
3
3
4
3
7
14
6
7
7
10
23
7
6
4
3
18
14
8
3
9
4
3
3
3
4
4
3
4
11
4
5
3
7
4
3
3
15
5
4
3
15
8
10
14
19
4
3
6
6
3
4
10
4
11
9
10
10
11
4
12
4
8
3
10
8
14
10
18
7
13
9
4
4
101
3
5
4
5
10
10
10
4
5
4
8
3
4
6
7
8
5
8
3
3
4
6
7
10
3
7
4
7
12
9
8
3
7
14
3
7
8
3
4
3
8
4
7
63
7
5
3
5
4
8
4
3
4
4
3
4
4
7
4
8
8
3
4
10
8
4
3
4
3
5
4
8
3
3
17
77
8
9
17
3
4
11
11
5
3
6
3
4
3
4
3
7
8
13
3
5
10
2
11
11
11
7
4
7
2
6
5
6
13
4
4
5
2
2
2
3
3
4
3
6
6
3
6
3
7
6
2
6
6
7
9
2
4
3
4
3
7
2
4
6
3
6
2
3
6
7
6
3
12
2
3
3
13
2
3
6
7
6
3
14
6
6
6
3
6
3
11
3
6
8
4
2
6
3
3
6
3
3
3
2
3
7
7
7
4
7
3
3
3
4
6
4
3
3
15
12
4
3
6
4
8
3
7
3
3
4
10
3
7
3
2
5
3
5
6
6
3
15
15
6
4
7
3
4
7
8
3
6
4
7
3
9
4
3
7
5
4
3
4
3
3
3
31
5
4
3
3
7
6
3
3
2
4
3
7
3
7
13
9
8
3
7
3
3
6
15
9
4
6
3
3
7
4
3
6
7
4
7
11
3
4
7
7
7
3
6
3
4
3
7
4
3
4
7
6
6
3
6
3
8
3
7
6
14
8
7
4
2
6
2
3
7
9
4
6
7
17
6
3
7
3
4
3
10
12
7
3
6
3
15
2
8
3
7
3
2
6
6
2
3
3
3
3
7
7
4
7
6
3
3
7
8
6
3
7
12
3
3
11
3
3
3
7
8
5
3
10
4
6
3
29
3
4
7
7
3
4
3
13
8
3
3
6
7
4
5
3
4
16
14
3
7
13
3
8
3
3
7
6
6
15
6
13
3
4
3
3
3
4
14
3
9
3
3
7
8
4
4
15
3
9
3
6
7
14
7
3
6
6
3
7
4
6
13
3
16
3
4
4
3
3
7
3
4
3
3
16
4
4
4
5
4
3
4
4
15
18
4
7
4
4
5
15
7
10
3
7
3
4
5
3
4
2
3
6
3
6
13
8
2
2
