2150
1943
2101
1951
1910
1927
1899
1901
2329
2037
2237
1954
1913
2040
2523
1911
1985
1912
2131
1900
1906
2184
1908
1926
1980
2057
1907
1899
1899
1914
2332
1997
1910
1939
1904
2177
1905
1899
2072
1899
1905
1899
2099
2319
1958
1981
2432
1903
2000
2006
1911
2081
1900
1900
1992
2484
2029
1901
1899
1904
1909
1907
2045
1899
1913
1899
1900
1906
1900
2423
1906
1901
2190
2340
2518
2098
2008
1917
1901
1900
1900
1995
2548
1903
2430
1900
2398
1925
2026
2428
2337
1907
2194
1899
2009
1913
1916
1913
2058
1998
1903
1908
1899
2227
2024
1936
1919
1904
1900
2416
1899
2098
1902
1901
1899
1912
1901
2396
1903
1900
1899
1908
2376
1963
2094
1900
2147
1908
2346
1899
2030
1994
2058
1942
1912
1899
2237
1904
2468
2067
1899
2582
1937
2423
1904
1899
2242
2508
1904
2396
2210
2469
1902
1904
2334
2529
2490
2550
1910
1905
1900
2554
1905
2373
1906
1928
1900
1978
1915
2243
1900
1906
1900
1899
1917
2511
2118
1901
1957
1996
1900
2209
2435
1900
1914
1991
1899
1905
2252
1911
1899
1903
1900
2126
2014
1906
2481
2458
2375
2474
2376
2139
2513
2352
2441
1899
1960
2063
1908
2165
1906
1899
1943
2101
2472
1901
1900
1900
1900
1899
2060
1900
2224
1899
1907
1900
1899
1899
2087
1899
1904
2389
1900
1915
2504
1899
1937
1899
2372
2105
2426
2193
1904
2330
2010
1900
2123
2444
1980
2026
2474
2340
1931
2031
2463
1915
2038
2067
2014
1903
2479
2507
2482
1900
2455
2083
2503
2370
1900
2424
2064
1929
1904
2190
2462
1952
2407
2455
2361
1910
2656
2023
2253
1910
1922
2267
2493
2439
2488
2211
2303
1899
1949
2483
1933
2383
2496
2297
1929
2403
1902
1975
1988
1905
1900
1913
1943
2285
2302
1899
1913
1987
1950
2371
1899
1900
1903
1899
1920
1915
1995
1925
2493
2051
2197
1979
1925
1916
2031
1921
2052
2046
1909
1899
1917
1934
1996
1946
2031
2001
1959
2500
2490
1903
1922
1899
1910
1899
2459
1900
1923
2040
2036
1950
1923
2260
2169
2241
1976
1989
1916
1920
1984
1922
2072
1894
1929
1909
1929
1915
1945
1918
1953
1905
1964
2099
1959
1902
1907
2019
1512
1466
1849
1923
1996
2266
2038
1943
1906
1447
1443
1486
1435
1434
2208
1442
1473
1431
1436
1483
1451
1435
1549
1440
1938
1431
1510
1435
1486
1435
1435
1455
1435
1435
2106
1432
1437
1434
1451
1451
1434
1434
1434
1463
1431
1479
1437
1450
1451
1514
1484
1431
1374
1135
1144
1142
1144
1144
1171
1167
1074
1174
1150
1155
1170
1149
1117
1152
1035
1146
1172
1149
1148
1149
1170
1172
1148
1143
1148
1152
1092
1169
1159
1212
1234
1204
1197
1285
1211
1204
1211
1205
1204
1211
1312
1197
1190
1286
1183
1234
1195
1198
1210
1212
1147
1196
1194
1219
1227
1163
1236
1199
1243
1206
1203
1188
1194
1295
1210
1244
1210
1202
1205
1196
1239
1210
1170
1205
1161
1201
1198
1183
1187
1208
1183
1190
1196
1197
1215
1209
1269
1245
1196
1214
1197
1169
1212
1197
1237
1254
1190
1183
1200
1183
1206
1205
1268
1212
1165
1205
1219
1194
1203
1216
1176
1197
1206
1227
1227
1204
1212
1204
1176
1318
1198
1219
1215
1186
1190
1204
1210
1322
1221
1192
1213
1202
1183
1205
1247
1223
1204
1197
1209
1193
1190
1226
1187
1092
1190
1206
1256
1188
1217
1231
1196
1211
1220
1249
1205
1212
1141
1205
1217
1181
1278
1200
1227
1219
1190
1198
1176
1196
1267
1195
1210
1241
1203
1198
1197
1488
1188
1210
1244
1202
1203
1224
1219
1176
1203
1193
1198
1202
1183
1226
1190
1474
1224
1183
1181
1211
1205
1190
1190
1210
1207
1458
1121
1128
1149
1134
1158
1160
1139
1148
1182
1147
1148
1179
1162
1148
1173
1171
1151
1162
1179
1200
1214
1142
1438
1573
1504
1976
1435
1695
1436
1479
1545
1595
1465
1431
1435
1435
1434
1433
1467
1604
1431
1506
1432
1434
1438
1435
1567
1431
1431
1436
1432
1434
1687
1434
1458
1687
1460
1434
1431
1476
1434
1451
1469
1452
1639
1456
1432
1437
1431
1433
1434
1479
1929
1618
1432
1435
1440
1450
1440
1572
1591
1451
1476
1432
1431
1436
1622
1455
1478
1721
1434
1435
1449
1431
1435
1431
1431
1488
1431
1434
1457
1435
1508
1438
1432
1455
1458
1456
1434
1451
1586
1448
1434
1433
1540
1434
1448
1482
1441
1479
1434
1596
1522
1434
1542
1477
1512
1511
1436
1431
1431
1434
1432
1474
1431
1447
1431
1434
1434
1432
1432
1431
1514
1431
1479
1434
1439
1431
1431
1447
1488
1438
1585
1434
1444
1640
1543
1433
1434
1431
1435
1482
1432
1469
1435
1431
1431
1476
1434
1434
1432
1432
1431
1560
1522
1432
1432
1431
1438
1471
1453
1432
1431
1435
1442
1431
1432
1514
1508
1431
1432
1431
1431
1434
1432
1491
1433
1501
1434
1431
1431
1431
1515
1432
1431
1431
1568
1432
1431
1489
1431
1431
1434
1431
1431
1596
1433
1639
1434
1551
1487
1432
1746
1440
1460
1523
1432
1541
1642
1437
1432
1700
1431
1434
1449
1450
1441
1432
1921
1447
1451
1914
1434
1454
1431
1456
1454
1439
1467
1353
1875
1434
1432
1446
1967
1594
1432
1463
1551
1441
1437
1501
1455
1467
1471
1587
1490
1431
1452
1432
1450
1414
1477
1435
1450
1431
1439
1455
1432
1497
1432
1448
1454
1452
1436
1432
1432
1636
1467
1434
1443
1579
1446
1470
1434
1448
1436
1447
1434
1479
1431
1442
1448
1434
1434
1434
1434
1593
1438
1633
1440
1461
1432
1455
1453
1471
1432
1457
1461
2061
1581
1664
1434
1495
1432
1435
1440
1448
1460
1689
1810
1432
1501
1431
1436
1431
1434
1487
1462
1437
1461
1431
1431
1517
1451
1441
1431
1472
1450
1439
1478
1436
2414
1431
1470
1434
1454
1435
1435
1515
1434
1434
1539
1436
1431
1434
1450
1434
1453
1465
1434
1435
1475
1432
1668
1755
1434
1434
1474
1431
1442
1516
1434
1455
1457
1436
1436
1462
1432
1431
1434
1453
1438
1431
1899
1437
1432
1467
1439
1448
1125
1149
1346
1137
1135
1174
1167
1147
1154
1150
1148
1167
1160
1255
1165
1167
1156
1166
1180
1183
1211
1197
1183
1202
1213
1274
1245
1181
1306
1261
1191
1185
1198
1198
1205
1203
1200
1181
1172
1279
1175
1251
1215
1189
1176
1262
1176
1153
1179
1191
1191
1155
1190
1269
1172
1208
1212
1182
1259
1167
1189
1226
1190
1158
1146
1221
1176
1222
1253
1190
1204
1268
1207
1162
1199
1227
1212
1175
1192
1155
1242
1242
1240
1247
1227
1264
1302
1252
1231
1313
1267
1270
1302
1251
1224
1258
1260
1278
1245
1275
1250
1229
1289
1250
1277
1293
1273
1274
1244
1291
1416
1246
1227
1284
1351
1269
1339
1313
1273
1191
1236
1310
1236
1270
1251
1291
1276
1252
1281
1271
1242
1322
1331
1326
1258
1288
1305
1305
1283
1303
1431
1353
1311
1264
1464
1344
1267
1270
1250
1252
1251
1326
1347
1293
1299
1269
1264
1277
1292
1279
1264
1273
1247
1258
1311
1309
1267
1242
1235
1265
1266
1256
1290
1257
1246
1233
1251
1514
1270
1269
1376
1291
1300
1128
1148
1866
1192
1176
1230
1236
1174
1189
1250
1452
1290
1291
1244
1323
1245
1257
1264
1258
1289
1258
1316
1323
1292
1227
1259
1234
1281
1237
1260
1242
1265
1295
1286
1308
1257
1258
1288
1442
1863
1244
1258
1274
1250
1263
1266
1283
1288
1260
1250
1297
1265
1259
1303
1296
1289
1258
1251
1239
1278
1291
1235
1266
1264
1285
1243
1257
1326
1285
1260
1302
1277
1350
1271
1281
1387
1227
1266
1297
1259
1256
1247
1235
1212
1256
1281
1274
1243
1265
1261
1258
1250
1246
1251
1258
1294
1321
1280
1358
1313
1274
1288
1258
1282
1248
1252
1597
1551
1306
1291
1267
1256
1154
1157
1155
1182
1184
1212
1180
1299
1242
1179
1240
1204
1199
1186
1213
1349
1425
1274
1325
1305
1317
1261
1740
1263
1128
1142
1113
1190
1169
1195
1248
1212
1204
1187
1197
1197
1191
1195
1169
1201
1258
1137
1176
1214
1183
1183
1176
1234
1627
1219
1221
1236
1199
1181
1219
1310
1324
1341
1247
1210
1419
1298
1265
1351
1326
1334
1413
1268
1362
1300
1677
1285
1416
1240
1318
1317
1269
1263
1450
1250
1322
1214
1226
1192
1168
1129
1176
1241
1290
1175
1171
