126
124
124
118
118
125
119
122
118
128
123
138
145
123
123
135
135
117
146
126
130
144
124
131
157
144
147
129
167
142
127
130
159
166
133
155
149
128
130
169
131
156
150
134
127
153
215
196
143
124
128
143
137
129
125
131
128
143
127
132
128
134
116
144
125
126
129
125
133
121
129
125
143
126
125
126
124
155
125
128
146
154
139
158
127
122
125
132
133
129
128
144
128
148
160
125
127
148
132
117
128
127
150
128
135
126
126
144
123
122
122
151
126
143
145
128
151
128
126
140
144
127
148
175
135
138
132
132
155
154
166
168
156
125
138
155
156
121
125
152
127
180
173
158
123
175
126
143
121
149
142
193
296
159
253
188
184
195
209
161
170
173
262
272
162
163
172
165
160
199
184
197
213
203
185
183
182
204
180
168
151
325
172
155
184
172
169
157
171
169
254
137
205
160
149
187
173
135
215
165
136
194
173
137
149
162
187
163
210
180
194
224
155
177
138
214
174
182
188
192
157
159
162
166
160
169
157
164
175
178
336
179
197
245
176
189
163
172
165
135
164
150
150
147
144
169
194
209
159
169
172
161
139
177
176
163
238
168
172
172
156
209
172
175
168
170
179
191
136
160
262
178
167
170
175
170
178
159
179
163
165
166
185
159
164
156
176
187
161
162
182
169
188
172
155
160
165
159
174
205
199
173
178
169
162
157
177
166
175
158
160
176
141
138
195
168
167
145
160
172
163
152
232
167
177
164
175
167
147
166
150
145
167
159
167
315
165
134
159
165
194
154
138
164
170
181
163
181
153
155
147
174
174
164
172
204
193
186
197
174
207
149
152
145
174
191
153
150
171
167
217
148
184
156
159
165
177
160
165
180
286
161
141
178
171
299
144
166
195
163
156
574
145
173
173
164
301
168
183
178
194
169
191
228
187
171
165
160
160
168
157
159
167
161
162
175
171
170
154
158
174
171
183
175
158
138
189
172
168
173
167
156
145
158
161
163
178
159
156
156
172
176
271
171
144
145
250
152
161
162
195
168
166
154
159
151
164
153
148
208
177
148
162
147
192
180
192
166
160
187
193
197
191
354
190
198
189
175
145
212
156
160
208
165
189
228
211
159
203
209
215
165
184
195
214
185
214
205
282
161
348
352
311
324
299
312
344
333
366
390
385
406
363
399
362
395
340
322
350
476
360
369
273
301
293
302
289
301
337
330
345
317
388
344
351
480
361
386
353
378
389
359
346
425
411
325
339
403
263
340
285
247
294
259
264
350
292
283
254
267
273
293
244
334
323
245
310
360
254
286
284
279
338
283
438
323
308
264
315
250
292
240
287
292
288
324
277
299
273
269
246
219
213
267
232
433
238
257
245
229
268
236
265
277
257
265
283
282
289
241
247
230
268
267
235
233
269
241
277
273
263
243
397
272
272
242
272
286
246
271
260
256
250
332
265
296
277
307
266
326
392
292
425
277
263
241
267
281
298
272
306
272
321
242
252
259
253
254
289
229
252
248
253
252
285
259
290
263
262
412
244
237
248
265
239
227
253
248
332
227
248
383
274
241
265
285
262
285
236
259
265
243
238
249
285
284
236
351
317
233
294
283
282
265
282
266
238
288
264
303
265
278
239
296
304
242
237
230
274
232
276
257
236
276
245
237
241
292
256
303
272
350
297
252
220
267
255
252
301
377
259
296
282
236
238
239
252
274
247
249
251
269
260
389
259
250
255
303
250
280
249
262
241
249
233
277
224
252
243
244
256
284
255
287
286
253
292
327
250
235
300
257
240
272
226
244
259
258
279
284
255
257
270
266
393
243
265
264
261
266
239
239
235
241
225
231
216
263
244
249
261
257
286
229
250
268
257
233
242
273
243
261
236
249
243
257
254
276
233
245
282
300
247
237
253
260
263
263
250
275
250
343
283
238
251
270
247
283
270
232
254
259
227
236
242
269
236
249
276
491
246
243
241
267
455
296
299
328
315
247
207
208
218
236
203
276
217
219
212
207
246
197
170
164
196
271
275
372
173
279
140
180
194
187
173
257
148
158
137
180
153
146
151
178
194
228
217
187
232
183
191
222
214
206
182
254
185
189
192
246
190
186
180
204
331
180
181
213
216
210
181
211
187
136
139
119
121
118
121
117
126
130
135
132
144
116
167
121
118
121
120
122
117
162
121
117
137
124
118
122
123
138
122
120
124
124
124
134
121
125
127
121
130
119
125
190
137
139
121
122
123
123
141
122
121
124
122
141
126
122
120
123
123
134
122
122
123
122
127
143
125
123
143
121
128
125
122
137
124
119
122
125
120
160
123
124
125
124
121
121
125
126
137
134
120
123
123
125
123
119
148
140
122
120
141
136
122
128
124
119
122
144
124
122
123
121
121
123
121
122
122
123
123
126
151
122
127
129
119
129
124
123
133
123
121
121
121
122
144
125
122
123
121
140
120
123
125
123
139
122
123
126
121
142
126
127
123
146
121
140
123
122
141
145
120
125
122
124
126
123
149
121
125
151
126
128
126
122
121
124
132
189
122
125
122
141
124
122
177
125
141
120
122
120
123
175
144
123
140
122
122
123
141
120
121
123
156
119
115
120
116
117
117
118
120
119
122
136
138
120
117
117
154
118
139
121
123
136
118
218
259
201
180
163
140
144
145
172
214
186
222
183
192
278
193
190
201
191
181
263
213
217
189
181
184
183
185
187
164
226
183
182
183
183
186
184
180
184
192
185
192
209
191
185
218
184
188
185
185
141
208
179
204
191
206
186
181
250
208
184
217
161
184
183
199
179
189
188
193
186
146
195
207
214
186
188
185
198
186
192
220
197
185
183
188
185
186
188
183
187
191
215
213
186
197
140
136
178
230
261
183
183
183
186
207
188
185
197
203
181
184
181
211
185
185
179
192
186
185
183
181
214
188
180
184
185
208
183
191
250
182
195
246
182
182
255
184
180
199
197
193
189
188
182
218
228
200
205
188
188
180
216
202
196
217
210
178
216
182
203
182
188
181
184
187
186
185
183
247
188
198
184
192
185
181
181
186
183
202
180
183
180
196
182
179
187
188
190
213
187
184
196
187
164
140
160
143
195
275
188
269
197
176
191
148
139
140
143
214
156
189
185
209
220
182
141
168
164
137
144
211
181
184
196
180
186
151
163
139
187
146
159
191
191
185
192
190
184
206
205
183
183
187
184
208
213
178
181
183
187
187
182
185
184
188
191
183
180
186
217
183
184
201
197
189
182
197
182
196
199
187
181
211
190
185
190
180
186
222
186
182
192
181
207
182
182
201
215
185
183
186
179
182
207
181
184
216
214
196
283
161
167
164
140
138
181
202
218
214
193
187
187
231
183
183
190
209
191
181
220
215
179
216
184
195
182
161
229
182
240
197
185
182
212
185
183
192
187
183
217
196
183
180
188
185
194
179
202
182
182
196
183
296
185
185
177
184
243
183
186
202
181
186
186
181
212
186
197
195
183
189
183
179
183
188
162
168
123
118
119
121
124
121
121
119
121
124
123
139
125
128
123
121
146
138
124
121
125
121
149
142
126
132
127
121
135
160
139
127
143
123
125
124
128
149
142
125
139
126
133
121
119
122
121
127
120
123
119
119
121
121
121
124
120
121
132
119
121
126
119
140
119
122
121
127
126
120
125
150
120
125
128
124
137
120
122
119
126
141
151
123
123
127
138
143
125
129
127
157
126
135
139
126
126
148
145
143
144
126
131
125
147
145
125
130
126
150
135
124
144
128
133
126
130
126
127
120
123
131
127
126
168
126
144
123
128
157
172
131
135
135
137
129
133
143
127
134
150
133
128
132
139
133
150
127
149
127
126
140
147
128
153
128
141
140
133
132
126
131
126
126
125
151
126
144
125
127
128
126
149
125
127
136
133
145
127
128
133
146
150
120
118
160
122
120
142
150
122
123
125
144
127
131
127
130
126
142
126
130
126
146
130
130
128
127
129
127
126
129
125
143
127
126
125
133
125
140
126
148
131
126
173
129
175
126
129
128
130
127
127
129
125
125
129
150
131
142
126
141
126
129
125
130
146
128
124
124
131
127
126
141
126
138
129
145
144
128
128
130
129
123
132
143
123
169
125
127
138
123
125
126
126
125
128
123
129
128
128
136
136
128
130
127
127
127
126
158
161
129
127
127
146
119
121
119
120
126
122
127
132
134
124
135
125
139
127
140
142
130
128
131
131
130
127
155
125
119
134
117
124
119
121
120
125
127
122
134
124
122
138
120
122
128
121
127
122
121
118
120
126
179
128
190
122
125
125
125
133
131
132
128
152
157
128
128
130
134
130
161
129
155
130
149
128
128
127
131
132
155
125
158
126
155
124
123
122
120
129
119
126
127
123
134
