85
46
59
62
51
39
52
57
44
41
64
39
44
56
40
56
40
53
63
47
47
49
47
52
57
48
65
56
62
49
53
48
50
51
52
48
49
50
54
51
94
48
50
52
50
51
54
38
33
33
33
32
33
38
33
36
44
35
32
35
35
34
33
34
34
33
33
33
32
33
36
36
33
37
36
35
36
36
40
37
37
37
36
35
37
39
39
35
40
39
35
36
36
39
38
39
39
37
39
39
36
37
36
36
36
39
38
37
38
38
37
44
36
38
40
37
36
38
38
36
37
38
37
42
35
36
42
36
38
38
37
38
52
36
40
36
39
37
38
37
41
39
36
41
36
37
38
36
38
37
37
48
36
36
37
38
35
38
36
36
36
38
36
36
38
37
37
41
37
37
39
37
38
35
37
36
37
40
40
39
37
45
36
38
35
36
50
36
37
36
40
38
37
36
38
37
36
36
36
37
40
36
38
36
37
35
36
35
39
36
38
39
35
36
36
36
38
41
36
38
37
40
39
37
42
36
37
36
37
43
37
38
37
43
37
37
37
37
36
47
37
35
37
39
35
48
36
37
58
44
32
33
32
33
34
36
34
38
34
32
35
34
36
35
33
36
34
32
34
36
36
33
48
54
51
58
48
39
49
49
51
50
49
48
52
49
47
52
49
53
48
49
48
49
47
55
49
51
50
64
48
39
68
50
48
53
52
50
49
63
57
50
50
54
52
48
49
47
49
48
51
49
43
50
49
47
49
50
52
53
50
53
52
54
86
39
47
53
41
64
79
51
43
41
48
48
50
48
48
52
49
50
50
51
54
53
49
49
50
51
49
57
51
55
52
53
52
45
40
40
53
54
52
50
49
79
52
48
53
51
49
49
114
63
55
52
58
51
48
52
48
55
51
50
51
51
49
50
52
49
51
52
54
62
55
50
48
51
51
53
51
51
49
47
51
50
50
49
52
51
48
51
48
51
50
53
49
50
49
51
51
60
54
48
50
51
48
49
51
49
47
49
48
51
60
55
47
51
56
50
49
51
51
54
60
62
48
50
50
49
52
52
49
48
60
42
40
40
42
49
63
63
58
59
50
56
47
41
48
64
41
39
41
48
48
48
53
47
40
41
50
41
40
50
48
68
49
48
54
55
40
51
40
59
43
62
52
48
55
59
49
58
38
53
52
54
53
48
50
70
52
48
50
48
49
51
49
54
48
53
59
50
49
66
52
50
50
49
52
48
50
52
51
53
54
50
51
50
59
51
52
49
50
54
48
53
49
47
95
51
61
49
46
48
48
49
52
48
56
55
53
49
52
49
46
49
37
42
51
47
50
51
48
51
50
59
48
47
49
51
56
50
54
54
49
52
54
53
49
40
50
48
78
49
49
48
48
51
60
48
53
50
53
50
51
47
49
49
48
48
42
51
46
49
50
55
50
48
49
49
57
47
50
49
49
48
48
50
49
51
73
48
48
49
48
46
49
58
50
39
34
34
33
33
34
34
35
33
33
31
33
34
34
41
35
36
33
43
40
36
37
38
35
39
36
40
37
35
40
37
34
35
37
35
37
35
38
43
35
39
38
38
38
36
35
36
38
36
35
35
35
37
38
37
36
37
35
37
39
38
37
38
37
35
35
35
36
38
36
36
37
32
37
36
35
38
36
36
35
36
38
38
37
37
40
49
40
37
41
42
41
38
38
39
38
40
37
48
37
39
38
42
40
38
40
45
37
37
38
46
44
37
39
38
39
37
38
42
38
37
37
40
36
39
39
38
37
37
41
41
40
40
40
41
40
39
39
44
39
40
44
40
41
40
47
39
37
40
40
40
38
39
48
40
41
36
37
43
39
41
39
36
38
36
38
40
37
40
40
36
39
40
38
37
38
40
37
49
41
40
37
43
42
34
35
40
37
36
32
38
36
36
38
42
41
43
44
38
38
40
38
38
37
41
38
43
39
38
39
38
39
38
37
36
38
40
37
40
41
37
38
41
37
38
38
38
42
37
38
40
37
39
38
41
40
38
39
39
39
37
39
37
37
39
37
37
40
38
38
37
41
42
38
46
41
41
36
40
38
37
37
52
40
38
35
37
38
37
37
54
41
38
37
37
39
40
42
38
41
39
37
41
42
36
38
37
38
39
38
44
46
38
38
38
38
33
35
34
37
43
39
38
38
44
36
38
38
36
38
44
41
40
40
42
39
41
40
48
40
33
39
35
36
37
35
39
37
46
35
42
37
35
41
37
36
43
37
38
34
36
36
36
40
47
39
41
37
37
38
38
38
40
44
39
42
45
39
38
40
44
38
45
39
39
46
40
38
37
37
42
40
37
38
45
39
41
37
33
38
36
32
36
37
38
35
34
