490
256
350
358
332
275
351
399
306
256
390
238
257
259
261
306
251
425
437
305
322
335
305
296
314
312
313
414
410
313
308
325
301
310
312
324
319
313
305
315
367
310
312
300
297
315
302
235
215
221
217
218
220
226
197
271
257
230
222
258
221
214
218
218
211
223
208
216
214
219
219
212
223
218
232
237
235
239
238
238
252
238
239
235
234
243
234
238
267
229
253
237
238
241
236
229
234
203
226
264
242
236
244
236
238
233
237
236
241
225
227
232
258
241
244
239
246
242
237
240
223
236
242
216
238
242
269
227
239
228
238
222
239
246
244
238
246
235
234
235
233
239
232
285
239
234
224
243
233
237
244
237
236
227
235
235
233
241
235
234
233
233
242
242
241
228
227
250
241
257
240
229
239
237
244
280
239
231
243
230
237
258
251
245
264
239
231
240
232
235
236
234
237
238
241
238
237
232
233
243
266
236
245
237
235
219
237
240
245
234
231
233
238
241
236
249
248
234
234
232
245
229
239
248
259
233
238
250
249
240
235
265
240
261
242
242
225
222
247
320
241
234
237
241
233
269
218
245
245
266
221
216
215
212
217
248
217
208
209
233
215
217
212
218
217
222
195
243
214
213
212
210
312
253
307
364
280
242
308
299
298
300
313
353
308
301
313
312
310
301
304
311
384
307
309
307
316
318
305
319
308
230
322
306
360
311
301
302
313
309
343
310
309
312
310
307
338
312
306
306
304
312
256
313
314
307
301
347
308
301
305
308
367
361
264
258
308
302
257
310
307
312
282
253
309
308
308
427
363
308
306
308
311
306
313
311
305
316
314
307
298
317
314
318
310
307
301
254
243
246
308
308
295
318
307
318
299
417
316
309
312
312
336
306
424
305
299
311
330
299
331
323
307
304
316
311
308
310
310
302
308
312
354
319
402
320
308
312
307
324
313
289
340
318
317
303
314
312
314
310
304
309
317
309
299
361
309
316
309
327
348
321
314
313
312
313
367
312
308
316
305
307
274
313
310
356
309
305
319
339
313
306
310
306
313
336
307
305
314
295
306
325
305
312
314
304
258
238
301
256
332
478
371
375
300
267
320
252
267
311
252
251
261
315
321
378
316
308
253
258
295
253
249
311
315
313
323
295
315
253
250
296
257
316
273
311
306
312
305
343
310
312
245
311
305
320
310
315
312
300
297
304
305
306
309
317
312
354
316
318
313
328
297
302
319
320
347
315
312
311
304
316
308
320
300
303
310
309
338
312
308
311
299
304
315
296
310
313
318
306
297
310
304
308
310
314
345
309
278
363
260
310
279
281
273
290
254
253
307
290
294
314
297
305
309
378
309
313
344
300
305
300
314
320
311
308
402
308
301
252
345
309
524
306
333
294
304
307
319
314
336
308
354
315
304
311
308
338
300
314
270
287
310
309
312
324
318
307
306
308
333
308
316
337
314
294
307
311
309
328
382
308
290
309
306
309
303
420
286
255
233
217
215
209
230
216
229
214
215
216
216
222
220
234
206
218
222
219
280
236
242
232
234
240
232
248
236
232
314
254
235
257
234
273
235
209
218
269
233
248
241
222
242
240
223
239
251
203
233
242
231
234
236
242
226
228
232
236
234
229
235
244
251
240
230
233
233
237
238
230
238
208
238
227
229
244
236
228
233
228
251
303
251
246
245
242
246
248
242
249
253
249
246
241
240
226
246
252
243
257
245
237
249
251
276
251
249
257
245
255
237
220
246
241
252
245
247
234
227
243
250
258
246
238
245
251
247
243
250
262
266
246
228
252
273
239
256
266
245
256
289
253
269
235
274
262
247
256
246
250
247
240
302
244
252
251
240
291
247
247
238
254
249
239
247
249
249
248
243
249
242
248
250
224
248
242
244
298
244
250
250
256
251
212
231
241
234
233
215
238
254
238
239
259
266
271
256
254
244
246
245
250
254
244
255
255
246
243
261
241
248
251
247
245
271
253
244
233
264
246
244
250
237
249
246
255
277
233
259
249
252
241
237
250
251
244
250
252
247
241
244
241
249
238
242
251
248
249
249
249
254
251
241
252
265
254
246
260
243
248
257
250
272
234
233
243
254
255
245
250
244
227
249
246
247
246
239
249
260
251
240
264
248
251
245
243
261
232
258
264
287
251
247
227
243
211
229
221
229
246
249
234
222
278
236
250
243
233
252
249
255
257
248
244
249
254
259
307
250
221
224
221
230
235
233
237
235
264
228
237
236
229
268
230
231
253
235
226
224
219
232
225
240
346
244
273
240
228
231
274
275
229
243
241
262
264
244
250
254
248
251
269
246
239
250
280
247
243
240
247
248
242
245
267
248
252
245
204
229
232
247
231
249
235
227
223
