1129
1329
1292
1010
810
919
1173
810
810
833
905
1298
810
810
931
1385
843
847
831
836
930
862
1321
842
987
810
816
813
810
810
855
1350
1477
955
1236
957
881
845
810
1000
810
814
810
852
1344
960
857
1322
972
1175
1503
824
923
810
810
986
1368
862
810
813
884
810
987
831
823
810
810
899
811
811
1366
815
1222
910
1087
1321
1004
810
812
810
810
811
1009
1355
1085
867
810
1338
910
848
1355
1345
909
1315
856
896
816
816
809
1234
813
810
810
1246
1378
1084
898
1112
1276
810
1362
815
1373
844
819
810
852
810
1163
848
841
810
1323
1299
882
810
810
862
815
815
810
809
870
929
810
834
828
1382
819
1402
859
1099
1293
814
1356
810
810
1230
1450
1095
1394
1383
1385
810
816
1369
1514
1353
1430
932
811
869
1368
880
1326
935
839
810
999
869
921
811
820
810
928
818
1311
911
821
823
1028
850
817
1273
824
1350
1050
810
816
1371
810
810
822
810
1253
1068
816
1479
1362
1281
1426
1458
1236
1374
873
1357
810
1005
920
981
1365
810
810
841
1359
1222
813
833
811
811
810
950
810
932
810
862
810
818
810
1377
810
810
1370
810
814
1370
810
1381
815
891
815
864
1351
1142
841
833
810
1347
1364
905
810
1204
1463
914
1055
1306
810
1118
1176
1231
823
1312
1231
1309
814
1387
821
1000
820
810
1309
871
852
862
810
1293
884
1318
1396
895
1044
1460
947
1373
834
852
1407
1455
1424
1433
1083
1204
847
1410
1201
974
1297
1401
980
922
891
901
810
1296
1113
860
810
810
1409
1407
941
818
915
810
1361
823
1028
822
815
1038
955
992
903
1351
1168
1057
1342
897
966
822
1141
1294
908
813
810
816
921
1321
809
1062
986
1026
845
1248
1018
810
812
969
811
1340
817
810
1029
833
924
1233
880
1374
1385
985
820
810
973
814
811
1139
1082
835
810
810
872
1194
860
816
835
810
831
810
839
815
973
648
610
947
815
896
818
1257
863
814
651
614
615
617
800
915
619
629
624
630
782
617
647
1521
615
832
837
628
713
684
625
649
888
851
644
918
734
619
615
630
634
631
615
610
643
616
622
618
839
991
727
642
614
587
484
498
487
490
488
487
520
565
504
496
492
497
492
508
489
520
488
501
490
491
488
523
527
494
489
490
498
552
498
492
517
526
522
513
530
516
507
516
511
514
516
643
520
525
566
509
523
507
510
513
519
514
542
511
521
518
498
512
513
528
507
520
502
507
577
514
532
510
516
535
511
523
514
616
514
502
541
510
504
515
513
502
527
507
568
523
521
537
529
510
510
507
497
513
508
561
535
520
504
522
557
539
519
543
519
501
510
555
511
510
531
499
510
564
513
526
527
514
507
499
613
510
520
517
502
506
513
513
561
520
507
509
510
502
516
530
519
514
512
518
513
533
520
505
532
515
522
533
501
579
523
506
517
520
517
543
513
495
619
516
501
543
513
523
520
505
513
500
507
540
513
523
526
534
509
515
564
520
517
526
512
511
550
517
515
510
620
513
532
505
517
507
626
524
507
501
510
513
581
504
516
512
616
505
485
490
484
492
490
488
514
498
490
523
568
495
490
495
506
492
561
507
504
567
487
822
848
644
730
788
617
693
610
869
628
634
765
611
610
796
615
656
625
610
615
686
878
776
660
613
614
678
646
614
644
610
860
648
635
655
660
611
619
687
611
619
619
894
639
676
1079
635
618
614
623
701
640
615
630
687
708
614
620
1206
696
614
614
618
686
615
611
970
989
702
617
763
654
690
771
933
619
617
684
614
710
1040
704
622
610
694
610
695
619
615
610
621
617
617
991
624
963
613
610
699
874
713
636
725
634
943
670
611
635
616
615
658
854
620
969
659
747
697
630
615
622
615
617
841
746
615
618
616
709
621
726
809
706
629
677
656
613
725
689
697
615
621
611
615
615
619
686
678
615
772
618
617
722
1040
617
633
735
985
673
833
637
643
699
717
618
615
610
619
656
611
623
611
738
614
611
610
691
687
622
615
611
1227
645
617
611
614
614
610
705
633
880
610
614
610
727
709
611
614
615
611
618
773
625
772
680
962
625
619
613
615
617
614
614
618
787
720
616
946
825
682
874
614
614
610
696
617
673
614
630
1046
648
625
618
619
620
614
611
679
611
618
631
638
615
753
616
731
647
969
619
686
622
622
654
656
614
620
610
611
956
615
615
797
629
629
623
614
747
620
613
646
1041
646
615
617
611
614
750
619
630
700
797
634
667
632
734
665
615
699
1026
662
651
621
618
686
624
610
615
615
1024
951
618
693
1070
668
611
610
680
696
1048
1005
691
631
615
615
610
626
675
702
912
696
631
680
1253
622
892
618
610
615
875
1047
732
1389
763
626
621
725
614
665
614
614
619
1024
702
668
674
616
719
624
698
616
667
660
641
624
621
639
686
692
704
622
714
625
611
665
636
620
626
707
610
610
630
614
618
821
620
619
861
745
750
485
487
501
486
486
531
501
498
490
505
496
540
504
536
495
593
501
530
501
504
528
510
540
524
519
543
574
509
763
540
576
510
525
510
512
544
510
504
543
542
513
549
509
512
513
533
512
529
503
550
502
513
510
559
498
514
630
498
539
498
507
531
510
515
492
519
505
520
526
510
517
567
512
516
510
529
517
502
522
511
528
532
614
535
522
561
554
565
525
561
543
705
556
536
526
536
536
656
591
548
576
522
560
555
543
543
540
550
530
576
597
528
556
543
579
549
578
530
543
504
523
557
520
533
541
551
569
532
567
536
602
596
573
564
533
550
552
555
547
557
608
584
553
540
624
569
642
532
533
529
536
558
597
536
598
542
539
543
554
547
540
558
530
540
575
583
544
532
530
587
561
570
536
551
527
526
533
637
536
536
535
606
616
498
488
944
511
504
585
599
500
529
526
627
547
554
523
568
564
549
541
538
556
626
578
630
540
546
537
530
544
529
527
633
548
550
539
562
542
541
542
621
604
544
637
546
552
547
543
581
564
595
542
568
539
533
550
635
532
536
533
539
537
550
525
540
639
543
542
540
561
547
529
557
544
578
563
554
532
523
546
562
540
535
529
628
520
642
529
543
530
539
575
536
536
526
536
540
563
538
553
594
575
555
558
536
547
532
539
694
662
543
550
541
605
492
495
500
502
507
517
498
552
533
501
536
534
531
515
533
848
633
546
572
547
561
533
678
536
486
585
543
504
500
504
530
520
514
504
514
516
519
519
497
512
530
504
502
510
504
501
503
528
904
522
539
535
520
504
520
572
561
557
530
624
652
540
539
587
569
575
597
574
604
554
704
541
536
553
558
558
639
550
646
536
561
520
523
515
498
497
505
529
547
509
534
