124
75
142
101
99
76
99
103
93
75
85
75
75
75
75
148
75
154
102
76
80
75
76
76
85
75
93
107
103
76
84
76
108
75
76
82
76
108
76
103
131
76
75
75
76
76
145
61
60
60
60
60
60
61
60
61
122
60
62
63
61
60
61
60
60
60
59
60
72
60
60
60
62
65
65
65
66
67
67
67
69
69
68
68
69
77
68
68
69
68
69
67
68
69
68
68
68
69
69
67
68
70
68
67
68
68
70
68
69
67
68
77
68
72
69
69
69
70
71
69
67
68
67
70
67
68
68
67
69
67
68
68
69
70
74
68
68
68
68
69
70
69
71
70
68
68
69
69
67
67
71
68
68
68
68
68
66
69
68
77
68
68
68
69
70
68
67
75
68
70
69
67
67
78
71
73
69
68
71
70
69
68
69
70
68
68
68
68
69
68
77
67
72
68
69
69
71
68
76
69
69
74
69
68
68
67
68
67
73
68
69
76
68
69
67
69
69
67
70
70
68
68
68
72
67
68
69
68
68
68
67
68
69
85
68
77
67
68
67
84
68
67
69
69
68
69
68
68
104
73
59
59
60
59
59
60
60
62
66
60
60
60
61
60
61
60
62
60
60
61
83
64
76
75
76
135
130
77
131
130
131
76
76
76
76
75
75
76
109
76
76
76
76
76
76
126
76
76
116
244
103
75
145
76
76
101
80
75
76
76
93
76
76
103
75
75
76
76
79
76
76
76
75
76
76
76
76
75
89
76
105
76
77
75
83
75
76
89
75
110
128
76
75
74
76
76
76
76
76
76
75
76
86
76
76
75
76
76
76
76
76
76
90
112
76
76
76
74
74
81
75
99
76
76
76
98
76
80
76
75
75
76
76
100
87
76
95
75
75
76
158
75
75
76
76
76
75
75
76
75
76
76
76
84
96
80
76
76
76
83
75
76
76
76
76
75
132
76
76
76
76
76
76
75
76
98
76
80
75
139
99
112
84
76
75
97
82
76
75
165
76
75
76
76
81
98
75
76
83
76
76
75
75
76
127
77
76
76
76
76
131
123
76
75
79
75
75
75
75
75
123
184
76
90
76
150
76
75
75
116
75
75
76
77
76
75
102
75
75
75
131
75
75
105
75
95
75
76
106
75
75
140
75
142
75
130
77
97
93
98
76
81
77
75
75
98
75
76
76
81
76
81
76
76
76
85
75
82
75
88
83
76
78
127
78
111
75
76
75
86
76
76
81
84
76
77
108
76
94
75
76
75
76
76
75
76
76
76
145
76
76
76
81
76
75
76
76
77
81
100
90
76
75
131
79
131
75
75
75
75
76
76
76
76
76
77
76
76
75
76
76
76
75
107
76
76
100
76
76
80
75
80
384
75
133
76
76
108
94
80
77
76
94
76
75
76
76
89
76
76
75
76
75
75
79
110
76
75
76
76
76
75
76
76
76
75
76
75
76
76
101
76
76
76
99
75
76
179
130
74
62
60
60
67
60
60
61
60
60
60
60
61
61
70
61
61
61
62
66
67
68
67
67
69
67
72
69
75
74
72
66
67
67
66
67
59
67
67
67
74
69
68
71
68
66
68
67
66
67
67
65
67
67
68
66
68
67
66
68
67
67
71
68
67
66
67
66
68
68
67
77
59
68
66
66
72
68
66
66
67
72
71
71
72
71
72
72
72
72
75
74
71
72
74
73
73
80
76
71
75
72
74
73
72
77
76
71
74
71
77
77
71
71
71
75
71
73
71
72
72
72
74
71
72
71
73
72
71
76
78
72
75
69
76
73
76
75
80
74
74
85
75
78
75
79
75
73
72
73
77
73
75
97
73
75
71
72
73
73
75
72
71
72
71
72
75
99
73
73
71
71
72
72
71
70
70
71
85
73
75
72
76
75
60
66
70
67
77
61
69
67
67
73
79
75
74
75
72
72
72
72
72
73
72
80
79
72
72
74
70
72
72
72
71
72
78
72
74
76
71
73
78
69
71
75
74
72
71
73
73
71
72
72
73
71
71
73
73
71
71
71
70
72
73
71
72
71
73
71
72
76
74
72
75
78
77
72
73
71
71
71
74
71
71
70
71
72
70
73
73
72
72
70
72
72
72
84
72
75
73
71
77
76
73
74
72
72
73
74
81
90
74
74
72
73
60
64
64
66
66
69
69
70
71
67
72
70
68
68
75
76
77
74
76
73
77
71
98
73
60
65
67
66
68
70
69
68
67
67
68
68
68
84
69
67
72
68
68
65
69
67
66
71
89
70
70
68
68
70
71
73
74
74
72
76
79
74
72
74
74
74
82
72
79
77
84
71
71
73
77
74
71
71
83
74
75
70
60
67
65
67
67
69
70
61
62
