468.4925079345703
646.1143493652344
59.36622619628906
194.78797912597656
292.77801513671875
603.9142608642578
616.7888641357422
249.38583374023438
833.2729339599609
257.9689025878906
213.623046875
234.84230041503906
503.30162048339844
270.3666687011719
303.7452697753906
267.02880859375
701.4274597167969
636.5776062011719
56.743621826171875
1878.0231475830078
61.98883056640625
51.975250244140625
56.743621826171875
86.06910705566406
295.1622009277344
72.71766662597656
52.21366882324219
55.3131103515625
68.90296936035156
59.604644775390625
66.99562072753906
1455.7838439941406
350.9521484375
51.73683166503906
69.61822509765625
563.1446838378906
64.849853515625
61.27357482910156
63.18092346191406
57.220458984375
1023.2925415039062
502.8247833251953
250.33950805664062
54.35943603515625
57.93571472167969
54.35943603515625
72.479248046875
56.26678466796875
55.07469177246094
64.849853515625
123.26240539550781
89.16854858398438
63.18092346191406
85.59226989746094
64.849853515625
58.17413330078125
52.928924560546875
70.33348083496094
50.54473876953125
68.90296936035156
462.7704620361328
327.82554626464844
72.479248046875
290.87066650390625
59.84306335449219
56.743621826171875
71.52557373046875
76.2939453125
66.04194641113281
62.22724914550781
59.84306335449219
62.9425048828125
57.45887756347656
57.93571472167969
62.465667724609375
71.76399230957031
77.24761962890625
73.43292236328125
57.697296142578125
645.8759307861328
84.63859558105469
63.18092346191406
85.35385131835938
102.75840759277344
51.73683166503906
52.45208740234375
95.60585021972656
76.77078247070312
68.90296936035156
53.16734313964844
69.85664367675781
55.789947509765625
97.51319885253906
54.35943603515625
55.3131103515625
60.31990051269531
92.74482727050781
74.86343383789062
63.18092346191406
70.5718994140625
69.37980651855469
76.05552673339844
70.81031799316406
56.743621826171875
54.59785461425781
80.34706115722656
82.73124694824219
64.13459777832031
258.2073211669922
79.63180541992188
222.92137145996094
56.98204040527344
403.40423583984375
620.3651428222656
330.6865692138672
469.44618225097656
756.7405700683594
503.30162048339844
2300.9777069091797
252.72369384765625
337.83912658691406
251.29318237304688
326.6334533691406
322.3419189453125
644.9222564697266
747.6806640625
673.5324859619141
262.7372741699219
255.34629821777344
386.95335388183594
354.0515899658203
280.61866760253906
253.20053100585938
792.5033569335938
631.5708160400391
333.0707550048828
284.43336486816406
498.5332489013672
295.6390380859375
266.79039001464844
580.3108215332031
597.7153778076172
474.4529724121094
276.80397033691406
269.6514129638672
959.1579437255859
268.9361572265625
279.9034118652344
322.10350036621094
603.9142608642578
648.0216979980469
374.07875061035156
349.99847412109375
256.7768096923828
647.7832794189453
372.4098205566406
1028.7761688232422
274.41978454589844
603.6758422851562
1002.0732879638672
531.4350128173828
382.42340087890625
941.2765502929688
1504.659652709961
338.0775451660156
1043.081283569336
282.52601623535156
315.66619873046875
460.8631134033203
586.9865417480469
484.9433898925781
297.0695495605469
657.7968597412109
251.29318237304688
1000.4043579101562
324.48768615722656
286.5791320800781
311.6130828857422
309.7057342529297
311.6130828857422
262.7372741699219
936.2697601318359
504.2552947998047
578.1650543212891
501.39427185058594
507.8315734863281
463.24729919433594
299.4537353515625
402.9273986816406
398.87428283691406
488.51966857910156
503.77845764160156
307.7983856201172
503.30162048339844
319.2424774169922
130.17654418945312
270.843505859375
270.3666687011719
314.7125244140625
476.1219024658203
296.8311309814453
448.46534729003906
379.0855407714844
508.7852478027344
299.4537353515625
534.7728729248047
311.13624572753906
356.1973571777344
394.58274841308594
285.14862060546875
1816.5111541748047
582.9334259033203
503.0632019042969
508.0699920654297
2541.065216064453
317.8119659423828
503.5400390625
423.19297790527344
1000.8811950683594
494.4801330566406
497.3411560058594
532.1502685546875
333.54759216308594
374.5555877685547
538.8259887695312
268.9361572265625
291.8243408203125
316.85829162597656
999.9275207519531
999.45068359375
270.1282501220703
336.1701965332031
285.14862060546875
346.6606140136719
627.0408630371094
563.3831024169922
62.465667724609375
593.4238433837891
324.48768615722656
58.17413330078125
702.3811340332031
59.36622619628906
394.8211669921875
273.2276916503906
241.75643920898438
582.4565887451172
457.763671875
336.64703369140625
270.843505859375
900.2685546875
289.67857360839844
395.2980041503906
596.0464477539062
283.24127197265625
265.35987854003906
380.2776336669922
794.4107055664062
282.28759765625
57.220458984375
605.1063537597656
321.1498260498047
590.3244018554688
323.0571746826172
268.2209014892578
264.6446228027344
270.1282501220703
563.3831024169922
62.465667724609375
593.4238433837891
324.48768615722656
58.17413330078125
702.3811340332031
59.36622619628906
394.8211669921875
273.2276916503906
241.75643920898438
582.4565887451172
457.763671875
336.64703369140625
270.843505859375
900.2685546875
289.67857360839844
395.2980041503906
596.0464477539062
283.24127197265625
423.19297790527344
1000.8811950683594
494.4801330566406
497.3411560058594
532.1502685546875
333.54759216308594
374.5555877685547
538.8259887695312
268.9361572265625
291.8243408203125
316.85829162597656
999.9275207519531
999.45068359375
270.1282501220703
336.1701965332031
285.14862060546875
346.6606140136719
627.0408630371094
563.3831024169922
62.465667724609375
593.4238433837891
324.48768615722656
58.17413330078125
702.3811340332031
59.36622619628906
394.8211669921875
273.2276916503906
241.75643920898438
582.4565887451172
457.763671875
336.64703369140625
270.843505859375
900.2685546875
289.67857360839844
395.2980041503906
596.0464477539062
283.24127197265625
265.35987854003906
380.2776336669922
794.4107055664062
282.28759765625
57.220458984375
605.1063537597656
321.1498260498047
590.3244018554688
323.0571746826172
268.2209014892578
264.6446228027344
270.1282501220703
563.3831024169922
62.465667724609375
354.0515899658203
280.61866760253906
253.20053100585938
792.5033569335938
631.5708160400391
333.0707550048828
284.43336486816406
498.5332489013672
295.6390380859375
266.79039001464844
580.3108215332031
597.7153778076172
474.4529724121094
276.80397033691406
269.6514129638672
959.1579437255859
268.9361572265625
279.9034118652344
322.10350036621094
603.9142608642578
648.0216979980469
374.07875061035156
349.99847412109375
256.7768096923828
647.7832794189453
372.4098205566406
1028.7761688232422
274.41978454589844
603.6758422851562
1002.0732879638672
531.4350128173828
382.42340087890625
941.2765502929688
1504.659652709961
338.0775451660156
1043.081283569336
282.52601623535156
315.66619873046875
460.8631134033203
586.9865417480469
484.9433898925781
297.0695495605469
657.7968597412109
251.29318237304688
1000.4043579101562
324.48768615722656
286.5791320800781
311.6130828857422
309.7057342529297
311.6130828857422
262.7372741699219
936.2697601318359
504.2552947998047
578.1650543212891
501.39427185058594
507.8315734863281
463.24729919433594
299.4537353515625
402.9273986816406
398.87428283691406
488.51966857910156
503.77845764160156
468.4925079345703
646.1143493652344
59.36622619628906
194.78797912597656
292.77801513671875
603.9142608642578
616.7888641357422
249.38583374023438
833.2729339599609
257.9689025878906
213.623046875
234.84230041503906
503.30162048339844
270.3666687011719
303.7452697753906
580.3108215332031
597.7153778076172
474.4529724121094
276.80397033691406
269.6514129638672
959.1579437255859
268.9361572265625
279.9034118652344
322.10350036621094
603.9142608642578
648.0216979980469
374.07875061035156
349.99847412109375
256.7768096923828
647.7832794189453
372.4098205566406
1028.7761688232422
274.41978454589844
603.6758422851562
1002.0732879638672
531.4350128173828
382.42340087890625
941.2765502929688
1504.659652709961
338.0775451660156
382.42340087890625
941.2765502929688
1504.659652709961
338.0775451660156
1043.081283569336
282.52601623535156
315.66619873046875
460.8631134033203
586.9865417480469
484.9433898925781
297.0695495605469
657.7968597412109
251.29318237304688
1000.4043579101562
324.48768615722656
286.5791320800781
311.6130828857422
309.7057342529297
311.6130828857422
262.7372741699219
936.2697601318359
504.2552947998047
578.1650543212891
501.39427185058594
507.8315734863281
463.24729919433594
299.4537353515625
402.9273986816406
398.87428283691406
488.51966857910156
503.77845764160156
468.4925079345703
646.1143493652344
59.36622619628906
194.78797912597656
292.77801513671875
603.9142608642578
616.7888641357422
249.38583374023438
833.2729339599609
257.9689025878906
213.623046875
234.84230041503906
503.30162048339844
270.3666687011719
303.7452697753906
580.3108215332031
597.7153778076172
474.4529724121094
276.80397033691406
269.6514129638672
959.1579437255859
268.9361572265625
279.9034118652344
322.10350036621094
603.9142608642578
648.0216979980469
374.07875061035156
349.99847412109375
256.7768096923828
647.7832794189453
372.4098205566406
1028.7761688232422
274.41978454589844
603.67584228515
620.0
0.0
