56
37
32
35
35
28
26
23
25
20
21
21
21
24
21
38
30
26
24
24
24
25
24
26
26
32
32
25
24
32
25
23
25
24
24
24
30
25
28
24
26
25
24
23
22
20
17
18
17
17
18
19
17
18
17
18
17
18
17
18
17
18
17
17
20
22
18
18
17
18
18
22
19
18
19
19
19
19
19
20
20
20
19
19
20
19
22
20
20
20
20
22
19
19
19
19
19
23
19
19
19
19
19
19
20
20
20
20
19
20
19
19
20
20
20
19
23
19
21
19
20
22
19
20
20
20
19
20
19
19
20
22
20
19
21
27
19
19
20
18
20
25
19
19
20
19
19
19
20
20
19
19
20
19
20
22
20
20
20
26
19
19
20
20
30
23
19
20
19
19
19
23
20
21
21
20
21
19
19
21
19
19
19
19
19
20
21
18
19
19
20
20
19
19
19
20
19
19
21
21
20
22
23
19
19
19
20
20
20
21
21
19
20
35
19
28
22
19
21
20
19
20
22
20
19
20
20
26
19
22
21
20
19
19
20
20
20
30
22
19
19
20
19
22
21
20
19
28
17
17
17
17
17
17
16
19
17
19
18
17
17
18
18
18
25
18
17
18
24
16
24
21
29
26
20
21
23
20
22
25
26
27
28
26
24
24
33
26
25
25
35
25
25
25
25
30
26
24
28
28
53
25
24
24
26
26
31
25
24
24
24
25
23
25
24
26
31
30
27
24
21
26
24
23
24
40
24
24
25
25
24
28
20
20
33
24
22
35
26
27
32
22
26
25
25
26
24
24
26
31
25
23
23
26
25
34
24
25
25
31
24
24
25
26
26
22
23
22
46
33
28
24
31
30
31
31
28
26
24
24
23
27
24
25
24
26
27
25
26
34
32
25
25
31
24
24
28
27
24
26
32
26
24
26
26
28
27
43
25
25
26
25
27
24
24
23
26
24
24
25
26
24
25
24
28
26
25
28
30
31
25
24
27
25
26
24
27
24
24
25
24
25
26
34
27
25
37
25
28
26
30
26
35
24
25
23
24
25
25
24
25
24
30
21
25
20
31
20
25
24
34
32
29
24
24
23
20
21
25
22
20
24
24
24
24
47
20
23
20
22
22
26
25
24
24
25
24
20
22
22
21
21
33
26
24
23
28
28
26
25
26
26
24
24
26
24
24
23
25
26
27
25
25
24
26
24
25
25
23
24
27
25
29
25
24
25
26
31
24
23
24
25
26
23
24
26
25
27
24
25
25
25
28
27
24
24
26
25
25
25
23
25
25
26
28
24
32
31
24
31
25
25
20
26
21
21
25
24
26
33
26
24
26
27
28
24
26
23
33
25
25
24
25
23
25
34
32
27
30
27
35
26
26
27
24
25
29
24
27
31
27
25
26
23
24
27
25
24
20
24
25
23
24
24
27
25
25
28
47
24
24
48
24
32
25
25
26
24
25
25
24
25
30
25
24
32
24
24
19
17
18
18
17
17
18
21
18
18
18
18
18
21
21
22
18
18
20
19
20
34
19
22
20
21
19
20
24
21
20
19
26
22
19
19
19
21
20
20
21
18
19
19
19
18
20
16
20
19
19
19
19
19
19
21
21
20
19
19
25
23
19
18
19
19
19
22
20
20
19
18
20
19
19
22
19
22
19
20
17
20
23
22
21
21
21
21
23
25
20
21
21
22
22
21
20
24
21
21
22
22
23
20
25
19
23
20
22
25
24
21
20
23
21
20
21
19
21
21
21
20
24
21
20
25
21
21
28
20
22
26
20
25
22
21
22
25
23
23
28
25
24
28
24
22
21
22
22
23
21
24
30
21
20
20
24
21
25
30
20
20
20
20
26
23
20
21
21
22
20
24
21
20
21
21
21
39
21
22
21
24
22
18
19
23
30
20
21
22
19
18
25
28
23
23
27
23
20
21
22
20
22
21
21
26
20
20
21
20
21
21
20
21
20
22
21
22
22
22
22
32
20
21
21
21
20
20
21
18
22
29
21
21
20
17
20
22
21
20
29
20
22
19
20
20
20
20
22
21
22
23
21
25
23
23
21
24
20
21
20
25
22
20
20
20
20
22
21
29
20
21
20
20
21
20
22
21
22
22
21
22
24
20
22
22
21
20
22
23
34
21
25
24
21
23
23
19
24
20
22
20
22
20
19
25
19
19
22
25
23
27
21
27
25
27
26
23
27
19
21
23
22
21
24
22
21
21
21
21
21
21
21
21
21
23
20
22
21
24
21
21
22
30
26
25
21
23
22
26
22
25
27
23
26
29
24
23
22
28
24
30
26
23
26
27
23
25
22
31
22
21
23
28
21
25
20
19
21
22
22
19
20
21
17
20
