23676.395416259766
18484.35401916504
27348.041534423828
28732.657432556152
26464.70069885254
37708.99772644043
42451.85852050781
24367.570877075195
26366.114616394043
32862.78247833252
24390.459060668945
24645.328521728516
18350.839614868164
23615.241050720215
73194.14615631104
36624.07398223877
21346.569061279297
31771.421432495117
25334.00058746338
25356.292724609375
19162.05883026123
18583.53614807129
50069.21291351318
26338.934898376465
23522.019386291504
25917.29164123535
30526.041984558105
38678.646087646484
25461.435317993164
24622.797966003418
14622.211456298828
27957.08179473877
24129.033088684082
40353.05976867676
42196.86985015869
22638.320922851562
24918.079376220703
21726.96590423584
20256.757736206055
30259.013175964355
25163.29288482666
31572.580337524414
33533.453941345215
21832.823753356934
34064.76974487305
29365.062713623047
20212.531089782715
40934.92031097412
20991.086959838867
73123.93188476562
18035.76946258545
22363.30509185791
31143.4268951416
49031.01921081543
22775.650024414062
30642.62866973877
19981.38427734375
22323.8468170166
29257.774353027344
20829.319953918457
47630.54847717285
47447.0853805542
36101.698875427246
28028.130531311035
20627.975463867188
23311.138153076172
24499.65476989746
21900.534629821777
26325.106620788574
19478.559494018555
18372.654914855957
27944.68402862549
34891.24774932861
58147.78804779053
55271.74472808838
19667.506217956543
21286.606788635254
21888.73291015625
22505.04493713379
25347.232818603516
25148.03409576416
24761.438369750977
21648.049354553223
41362.40482330322
22467.494010925293
46944.0221786499
33082.84282684326
19609.570503234863
24044.99053955078
19947.290420532227
25279.641151428223
25932.31201171875
25509.953498840332
24490.714073181152
27395.84445953369
26250.720024108887
26966.333389282227
39780.97438812256
21843.433380126953
25561.33270263672
24511.45648956299
19114.971160888672
41715.02590179443
41198.37284088135
20610.690116882324
42513.60893249512
32980.08441925049
31675.219535827637
22122.502326965332
21841.764450073242
19742.488861083984
27744.412422180176
25257.94506072998
19859.4331741333
18267.512321472168
24654.746055603027
40943.50337982178
19354.22420501709
21903.514862060547
23389.697074890137
20581.00700378418
48658.72859954834
19560.33706665039
18387.198448181152
25913.119316101074
60083.627700805664
21351.218223571777
21577.23903656006
46265.363693237305
31920.194625854492
19835.472106933594
18926.262855529785
48887.014389038086
20106.67324066162
19895.79200744629
44002.652168273926
20798.325538635254
23487.68711090088
20583.748817443848
21378.99398803711
19123.79264831543
25949.12052154541
24650.33531188965
18610.715866088867
28816.46156311035
24763.22650909424
22787.928581237793
30727.744102478027
22403.12099456787
38025.25997161865
40677.30903625488
40255.069732666016
18609.64298248291
19924.163818359375
17950.17719268799
34901.97658538818
22144.317626953125
31692.2664642334
43305.158615112305
37694.454193115234
24038.91086578369
58231.83059692383
29278.51676940918
25770.902633666992
53942.68035888672
18473.267555236816
26588.5591506958
44764.75715637207
80734.4913482666
21736.979484558105
40492.892265319824
29667.139053344727
32775.52127838135
21312.11757659912
42188.76361846924
23508.548736572266
31407.475471496582
35486.34052276611
21467.68569946289
43016.19529724121
36890.86437225342
18676.042556762695
33121.585845947266
21656.513214111328
21197.31903076172
32581.567764282227
25785.207748413086
19824.743270874023
31681.77604675293
22025.108337402344
38227.55813598633
26927.590370178223
35012.36438751221
25449.037551879883
41689.87274169922
30943.27449798584
27473.807334899902
20963.072776794434
20039.916038513184
23345.232009887695
26238.79909515381
60681.10466003418
31137.10880279541
31148.672103881836
26118.755340576172
19963.26446533203
43402.791023254395
39766.07322692871
25198.22120666504
20460.24799346924
38297.295570373535
48190.35530090332
19307.732582092285
38802.98137664795
22487.521171569824
21486.997604370117
23849.4873046875
35190.82069396973
23312.926292419434
21356.46343231201
19119.2626953125
18707.633018493652
19022.703170776367
22872.567176818848
20563.840866088867
47718.167304992676
25346.875190734863
28318.88198852539
20032.882690429688
38068.294525146484
38122.41554260254
26034.35516357422
42291.879653930664
41601.53865814209
37093.520164489746
20963.549613952637
22720.0984954834
21095.3950881958
39023.28014373779
32004.475593566895
21648.645401000977
34701.82418823242
29630.184173583984
21632.790565490723
31258.583068847656
28171.539306640625
29939.651489257812
36315.083503723145
37870.40710449219
34644.84214782715
22011.04164123535
33468.008041381836
67195.17707824707
22525.19130706787
37245.988845825195
18470.8833694458
25747.53761291504
36662.22095489502
19455.671310424805
24133.56304168701
20536.065101623535
35804.8677444458
24586.55834197998
20423.173904418945
32134.532928466797
39002.65693664551
28130.292892456055
26796.22173309326
22135.85376739502
23200.631141662598
28562.78419494629
21318.554878234863
31124.83024597168
25099.873542785645
30543.68495941162
41347.74208068848
21584.272384643555
33915.40050506592
33164.024353027344
30282.974243164062
18779.15859222412
18467.426300048828
27119.159698486328
25539.040565490723
19499.778747558594
24776.101112365723
41030.76457977295
32956.00414276123
23967.14687347412
18766.76082611084
36019.56367492676
31073.331832885742
22427.797317504883
24449.825286865234
18766.76082611084
25751.829147338867
20015.835762023926
25727.272033691406
47633.29029083252
37991.16611480713
30366.53995513916
47291.39804840088
38883.209228515625
50848.960876464844
19850.611686706543
30794.262886047363
34959.79309082031
19638.776779174805
45792.93727874756
18941.521644592285
22529.244422912598
20161.986351013184
19800.305366516113
37218.09387207031
40233.492851257324
59902.310371398926
20357.489585876465
21986.007690429688
35930.87196350098
24523.615837097168
37404.41799163818
20094.03705596924
21113.872528076172
41873.45504760742
20062.20817565918
24319.052696228027
22285.22300720215
23562.66975402832
21447.77774810791
83414.19696807861
45446.157455444336
31974.077224731445
31371.593475341797
21319.62776184082
38039.9227142334
18483.519554138184
18845.796585083008
24666.190147399902
27450.3231048584
36763.54885101318
24180.173873901367
28948.426246643066
52642.70305633545
22912.50228881836
25016.427040100098
41738.51013183594
32158.851623535156
22139.549255371094
28774.023056030273
19042.253494262695
30117.154121398926
33728.36112976074
35463.33312988281
28530.001640319824
68053.2455444336
29477.357864379883
30560.37425994873
19366.38355255127
31582.236289978027
36773.32401275635
22831.79759979248
19068.241119384766
39854.04968261719
32687.42561340332
36307.81173706055
28581.26163482666
19416.332244873047
63248.634338378906
33886.79027557373
34547.80578613281
19056.43939971924
19443.750381469727
25208.592414855957
49624.20463562012
46089.41078186035
31726.956367492676
28217.673301696777
22164.70241546631
24962.663650512695
21188.61675262451
19500.85163116455
25418.28155517578
19006.13307952881
23506.641387939453
36065.22083282471
20416.617393493652
29186.606407165527
35395.145416259766
20675.77838897705
33210.99281311035
21383.047103881836
48381.686210632324
26342.272758483887
51380.038261413574
51407.3371887207
21878.838539123535
57275.77209472656
35811.424255371094
19124.150276184082
30685.901641845703
38544.416427612305
30285.954475402832
38224.220275878906
21114.94541168213
23306.48899078369
29715.418815612793
25899.291038513184
26958.107948303223
21766.304969787598
28166.05567932129
48166.632652282715
20139.694213867188
16866.564750671387
30988.93165588379
41642.30823516846
38611.29283905029
38852.45323181152
18670.55892944336
22574.186325073242
19200.682640075684
35286.784172058105
37332.41558074951
26028.63311767578
25929.21257019043
36846.51851654053
25709.62905883789
20009.160041809082
46301.960945129395
57324.40948486328
30956.149101257324
22652.745246887207
24684.30995941162
26572.227478027344
27671.6947555542
20888.328552246094
55238.36612701416
24620.05615234375
37218.09387207031
25318.98021697998
22860.288619995117
35007.23838806152
24210.572242736816
29113.88874053955
46735.525131225586
31137.943267822266
67877.53105163574
37601.70936584473
28025.86555480957
20927.5484085083
25277.85301208496
34022.92728424072
39682.14988708496
24463.534355163574
23435.71186065674
24902.1053314209
32510.995864868164
20801.663398742676
42221.784591674805
28722.763061523438
27090.54946899414
29652.953147888184
26025.772094726562
23081.421852111816
31857.967376708984
43523.550033569336
19074.440002441406
24169.206619262695
29936.671257019043
24703.264236450195
20522.117614746094
33255.21945953369
25079.011917114258
20641.326904296875
20255.684852600098
21682.024002075195
21869.421005249023
19146.442413330078
24251.103401184082
37799.23915863037
25943.398475646973
22367.95425415039
27525.54416656494
37134.17053222656
41311.97929382324
20072.340965270996
18603.801727294922
41553.73573303223
25132.53688812256
19625.306129455566
24131.6556930542
42917.25158691406
33814.90707397461
34133.315086364746
25130.629539489746
25775.671005249023
24040.579795837402
38132.667541503906
19223.332405090332
19663.214683532715
20109.891891479492
26274.561882019043
35653.35273742676
14227.509498596191
21398.78273010254
19509.315490722656
19586.32469177246
32838.94062042236
19836.1873626709
20851.492881774902
18252.253532409668
26102.781295776367
40050.625801086426
24788.975715637207
70866.22714996338
16118.526458740234
21854.043006896973
24410.724639892578
36098.95706176758
18715.14320373535
34360.88562011719
30130.743980407715
19742.01202392578
47225.9521484375
33338.42754364014
40204.88262176514
27210.95085144043
32974.7200012207
24102.091789245605
25242.924690246582
30259.013175964355
24548.888206481934
30754.566192626953
25641.560554504395
19244.55165863037
29428.36284637451
19964.45655822754
20386.695861816406
24605.751037597656
32631.397247314453
20175.21858215332
46233.05797576904
24791.955947875977
22864.818572998047
34116.86420440674
27103.900909423828
25725.960731506348
38548.82717132568
47154.42657470703
33596.158027648926
19004.225730895996
26422.500610351562
29358.744621276855
33446.19274139404
47266.84093475342
23473.262786865234
22144.556045532227
24256.82544708252
19551.873207092285
37734.9853515625
27960.896492004395
23525.83408355713
20081.043243408203
27415.63320159912
18581.151962280273
42834.40113067627
23673.77281188965
19469.499588012695
54500.81825256348
21159.52968597412
24192.9292678833
19113.18302154541
46034.812927246094
20264.98317718506
43506.26468658447
53277.96936035156
24389.62459564209
29110.193252563477
19583.702087402344
24141.788482666016
35382.50923156738
25568.723678588867
32833.099365234375
19229.888916015625
20567.774772644043
23114.919662475586
26844.97833251953
28602.957725524902
23162.484169006348
21403.55110168457
29798.74610900879
61414.95704650879
40352.10609436035
32631.278038024902
26391.62540435791
20620.82290649414
20133.376121520996
41918.51615905762
31751.99031829834
31372.18952178955
36632.418632507324
23704.76722717285
25576.71070098877
27418.49422454834
21636.7244720459
23200.035095214844
31116.008758544922
20507.5740814209
44203.758239746094
28029.322624206543
33244.60983276367
30764.57977294922
18254.16088104248
45109.86804962158
23625.612258911133
18703.699111938477
22109.150886535645
26507.49683380127
22833.943367004395
25846.004486083984
19023.895263671875
40867.32864379883
50343.87111663818
25628.56674194336
31825.06561279297
24294.376373291016
49249.17221069336
29253.95965576172
23422.956466674805
70237.1597290039
26197.55268096924
43782.830238342285
28838.753700256348
24268.86558532715
32069.20623779297
19979.000091552734
70191.3833618164
20078.659057617188
28432.011604309082
21020.65086364746
25037.88471221924
30858.03985595703
25457.85903930664
25067.567825317383
21517.99201965332
29583.215713500977
88664.77012634277
22739.410400390625
20104.169845581055
59973.835945129395
36476.850509643555
33590.078353881836
18022.537231445312
32979.726791381836
27134.65690612793
19765.257835388184
25308.25138092041
21074.295043945312
75862.05005645752
24784.207344055176
32435.894012451172
32537.81795501709
24876.952171325684
31664.013862609863
23868.322372436523
57012.43877410889
64200.9973526001
24594.426155090332
25886.058807373047
28301.477432250977
24135.112762451172
19306.540489196777
28269.052505493164
38128.97205352783
33643.72253417969
22330.99937438965
39868.11637878418
19795.17936706543
36656.14128112793
38604.140281677246
31235.933303833008
29549.002647399902
25898.218154907227
28636.932373046875
20860.910415649414
39664.8645401001
60331.34460449219
20705.103874206543
38127.66075134277
24021.74472808838
44788.00296783447
46915.05432128906
24686.574935913086
44844.985008239746
33849.95460510254
21567.106246948242
25153.756141662598
22509.455680847168
25690.436363220215
25641.798973083496
37671.08917236328
21903.514862060547
19712.209701538086
24086.356163024902
63979.8641204834
40235.40019989014
55633.3065032959
37363.529205322266
24793.505668640137
24758.81576538086
29921.650886535645
23252.487182617188
31709.43260192871
18597.48363494873
20295.381546020508
29319.167137145996
35308.95709991455
19056.79702758789
21318.674087524414
30945.897102355957
19829.154014587402
27572.6318359375
63829.30278778076
23529.2911529541
35909.05666351318
29244.542121887207
24452.567100524902
31291.24641418457
32977.10418701172
23577.570915222168
32560.94455718994
22705.078125
21479.60662841797
20744.08531188965
35354.018211364746
31010.746955871582
28295.75538635254
19451.618194580078
21010.04123687744
24724.364280700684
47933.69770050049
49004.197120666504
24274.230003356934
33419.132232666016
22321.82025909424
23558.13980102539
22068.381309509277
39605.61752319336
21215.91567993164
36899.80506896973
24497.8666305542
19945.144653320312
35768.62812042236
40771.9612121582
20016.55101776123
26955.723762512207
19996.64306640625
30259.60922241211
24990.79704284668
25524.497032165527
22878.170013427734
32004.356384277344
23660.42137145996
18932.104110717773
42813.30108642578
31498.78978729248
27646.541595458984
19698.262214660645
23606.77719116211
62702.178955078125
24369.95506286621
45647.501945495605
24878.621101379395
25751.233100891113
23481.96506500244
26646.37565612793
38268.8045501709
28941.15447998047
44843.316078186035
35017.13275909424
36186.21826171875
27548.19393157959
20310.87875366211
21467.56649017334
30725.836753845215
21759.2716217041
19870.281219482422
21982.431411743164
20253.896713256836
44750.80966949463
25066.256523132324
38664.937019348145
38659.33418273926
28327.107429504395
21739.840507507324
36646.48532867432
19686.460494995117
31608.104705810547
35458.32633972168
70133.09001922607
24993.538856506348
57663.917541503906
54895.877838134766
22855.87787628174
44112.324714660645
45931.220054626465
21770.834922790527
44921.51737213135
39571.16603851318
29099.345207214355
22320.74737548828
27130.842208862305
40082.09705352783
27315.735816955566
29224.753379821777
20821.809768676758
23315.54889678955
24164.319038391113
24243.831634521484
36878.58581542969
21695.852279663086
36790.60935974121
31267.881393432617
19286.751747131348
53283.2145690918
31345.725059509277
47113.53778839111
22749.900817871094
21833.419799804688
21917.46234893799
23404.359817504883
42894.48261260986
35127.75897979736
20198.702812194824
23525.357246398926
47319.650650024414
22685.885429382324
24840.950965881348
35191.05911254883
38753.509521484375
37411.92817687988
26609.89761352539
23516.416549682617
32848.11973571777
25055.1700592041
27801.513671875
19672.870635986328
21695.852279663086
26379.22763824463
23992.65766143799
37522.315979003906
25999.903678894043
36762.95280456543
33613.80100250244
33104.896545410156
19545.435905456543
18886.208534240723
26506.06632232666
26960.73055267334
25474.6675491333
41140.91396331787
18745.779991149902
25005.578994750977
28295.99380493164
22849.082946777344
38522.83954620361
18839.597702026367
21932.244300842285
22767.78221130371
16057.252883911133
21511.91234588623
53078.532218933105
38258.91017913818
39387.70294189453
29320.478439331055
13626.575469970703
36243.438720703125
69373.13079833984
22538.065910339355
37937.99877166748
22063.255310058594
70307.97004699707
29636.97910308838
23791.55158996582
21277.546882629395
21340.489387512207
93741.17851257324
33443.92776489258
21635.890007019043
28760.313987731934
23084.044456481934
16358.85238647461
24192.6908493042
70049.28588867188
39228.081703186035
29285.311698913574
35579.800605773926
36041.855812072754
30237.436294555664
31862.02049255371
22295.475006103516
16549.348831176758
12271.761894226074
37995.45764923096
16509.532928466797
14712.929725646973
20250.916481018066
23438.81130218506
23438.93051147461
28323.29273223877
39336.08531951904
16295.552253723145
23446.79832458496
23643.73207092285
23650.169372558594
19874.4535446167
23507.83348083496
15987.634658813477
23445.12939453125
31259.29832458496
21892.309188842773
23519.039154052734
16656.75640106201
23642.06314086914
23573.756217956543
18471.479415893555
30012.845993041992
55834.65099334717
34543.15662384033
19997.596740722656
30441.2841796875
19681.692123413086
25537.13321685791
44371.12808227539
47339.558601379395
22620.677947998047
23317.813873291016
21095.27587890625
32225.489616394043
23454.30850982666
23580.551147460938
21936.416625976562
22648.81134033203
24347.18608856201
55280.208587646484
23641.347885131836
23438.93051147461
23643.25523376465
28280.49659729004
23436.18869781494
23438.81130218506
56688.90476226807
41696.66767120361
27132.511138916016
31094.43187713623
23310.065269470215
23496.150970458984
31454.20551300049
30716.419219970703
31331.539154052734
23438.93051147461
39268.1360244751
23500.20408630371
23446.321487426758
23649.69253540039
39857.14912414551
37170.76778411865
25812.625885009766
36189.79454040527
18565.773963928223
29878.973960876465
39017.91572570801
39276.123046875
54901.957511901855
23439.28813934326
59429.287910461426
22945.642471313477
33005.475997924805
23063.302040100098
26936.53106689453
19968.628883361816
31279.444694519043
18914.93797302246
25927.78205871582
27119.63653564453
34133.6727142334
21767.258644104004
23495.197296142578
20671.01001739502
27625.322341918945
31087.756156921387
25305.03273010254
25818.467140197754
21118.1640625
19322.752952575684
25390.267372131348
92412.35256195068
24470.925331115723
41957.49759674072
29811.382293701172
25310.397148132324
18624.544143676758
33934.23557281494
36317.46768951416
17656.922340393066
55053.2341003418
24758.338928222656
19599.199295043945
22622.227668762207
21630.406379699707
32738.089561462402
22728.323936462402
19471.168518066406
23464.202880859375
23092.031478881836
25814.056396484375
24217.12875366211
28147.339820861816
42302.96611785889
23925.66204071045
21787.524223327637
25240.182876586914
31614.065170288086
47800.302505493164
25390.50579071045
33162.47463226318
38308.85887145996
19672.036170959473
28710.84213256836
24003.148078918457
41763.18645477295
38372.75505065918
25586.366653442383
22655.963897705078
28030.6339263916
25646.686553955078
19462.7046585083
25473.475456237793
22562.503814697266
19382.357597351074
28656.363487243652
36481.380462646484
30055.642127990723
27620.19634246826
25481.820106506348
30547.380447387695
21767.497062683105
25204.30088043213
26009.678840637207
37659.406661987305
28802.156448364258
23458.60004425049
31641.125679016113
32394.1707611084
30593.8720703125
26839.375495910645
24040.46058654785
41597.36633300781
29861.4501953125
33916.83101654053
46803.59363555908
22978.663444519043
38217.782974243164
38723.58798980713
25522.828102111816
38900.85220336914
26741.385459899902
36149.50180053711
23822.06916809082
40125.370025634766
23689.627647399902
21357.65552520752
34672.37949371338
35005.09262084961
38101.1962890625
52658.3194732666
22834.6586227417
37528.038024902344
20456.19487762451
25619.983673095703
23958.08696746826
19117.116928100586
19946.694374084473
18367.767333984375
27263.760566711426
31850.695610046387
28308.629989624023
19937.39604949951
35074.35321807861
20911.693572998047
25430.917739868164
24775.62427520752
23611.66477203369
54663.30051422119
19101.738929748535
42328.00006866455
25320.768356323242
23753.40461730957
32730.1025390625
27448.77338409424
27752.161026000977
29711.72332763672
73807.4779510498
34448.981285095215
26955.96218109131
23899.91283416748
18193.24493408203
23869.037628173828
22764.32514190674
27302.74200439453
37270.06912231445
72446.82312011719
38480.04341125488
34104.108810424805
25841.355323791504
24297.595024108887
22995.2335357666
23152.947425842285
33677.93560028076
26900.887489318848
24706.006050109863
26304.84104156494
12691.140174865723
30050.75454711914
30543.68495941162
108021.25930786133
25825.977325439453
26690.959930419922
48487.067222595215
23815.035820007324
31196.83265686035
49588.799476623535
25345.563888549805
38577.43740081787
24092.912673950195
37755.13172149658
24663.209915161133
21850.5859375
28852.105140686035
70632.33852386475
34389.85347747803
19117.116928100586
35930.39512634277
48009.15718078613
40396.690368652344
18796.443939208984
24581.551551818848
21093.60694885254
20990.610122680664
26520.133018493652
31043.052673339844
23134.946823120117
40135.860443115234
20755.290985107422
20972.609519958496
19147.038459777832
19923.090934753418
20890.71273803711
26210.427284240723
27428.507804870605
19291.52011871338
28700.11329650879
30520.43914794922
17811.77520751953
24498.939514160156
25787.1150970459
31126.022338867188
20019.2928314209
49123.64482879639
24360.89515686035
37779.21199798584
19223.570823669434
25648.59390258789
23136.73496246338
30024.52850341797
24402.618408203125
21842.71812438965
20291.566848754883
32042.384147644043
64180.612564086914
42234.30156707764
79972.0287322998
35220.38459777832
27989.38751220703
41586.51828765869
27482.151985168457
19262.313842773438
20731.687545776367
28827.786445617676
25381.088256835938
24559.378623962402
60387.492179870605
20258.307456970215
20565.98663330078
32258.987426757812
40625.691413879395
28556.58531188965
69910.88390350342
30195.951461791992
18372.058868408203
30143.380165100098
19207.358360290527
18941.283226013184
41891.09802246094
24117.94662475586
19678.235054016113
32123.446464538574
24547.457695007324
18763.66138458252
24787.7836227417
25763.988494873047
21665.93074798584
38555.38368225098
24913.787841796875
32307.028770446777
18572.80731201172
24542.927742004395
27618.1697845459
43884.5157623291
23049.354553222656
22546.768188476562
18659.353256225586
28315.424919128418
23248.19564819336
24304.628372192383
21069.765090942383
20187.854766845703
27801.2752532959
24736.04679107666
20210.26611328125
25744.199752807617
43013.45348358154
25011.539459228516
28375.50640106201
25492.191314697266
46934.96227264404
29797.55401611328
38670.30143737793
38657.7844619751
41889.66751098633
23218.750953674316
36497.95055389404
24437.427520751953
24773.001670837402
33251.047134399414
31824.707984924316
19380.45024871826
21154.99973297119
46202.54039764404
36589.980125427246
37167.42992401123
18211.2455368042
22892.95196533203
31797.64747619629
53196.19178771973
32861.948013305664
69018.12553405762
31879.901885986328
47256.58893585205
21060.10913848877
28309.58366394043
19774.198532104492
18604.040145874023
31031.84700012207
25775.671005249023
22983.312606811523
24355.292320251465
20357.966423034668
20757.436752319336
27979.493141174316
41720.03269195557
29475.092887878418
28768.301010131836
24339.675903320312
61742.66338348389
19019.9613571167
23235.559463500977
24147.868156433105
20983.69598388672
28290.987014770508
35880.446434020996
23477.792739868164
36590.576171875
29608.13045501709
23000.597953796387
19297.242164611816
29541.015625
23812.65163421631
21518.230438232422
41346.66919708252
26287.078857421875
31245.47004699707
35473.70433807373
33670.30620574951
31101.82285308838
52664.04151916504
32454.01382446289
42081.71367645264
51777.36282348633
33124.08924102783
18756.985664367676
26894.688606262207
22273.18286895752
32763.83876800537
20595.788955688477
45151.591300964355
27769.20795440674
17853.140830993652
31244.15874481201
23834.824562072754
21547.675132751465
32515.16819000244
23533.82110595703
28295.516967773438
23549.199104309082
23125.410079956055
38574.6955871582
28971.91047668457
18968.701362609863
24086.713790893555
21266.818046569824
32260.775566101074
21017.909049987793
40450.453758239746
19309.639930725098
23073.792457580566
43088.79375457764
29471.158981323242
19650.936126708984
22673.726081848145
53583.74118804932
22238.492965698242
25741.219520568848
28001.904487609863
20423.65074157715
19742.369651794434
22143.840789794922
54402.23217010498
42693.8533782959
24116.6353225708
28798.460960388184
45861.48262023926
22067.546844482422
24751.42478942871
27337.312698364258
21428.465843200684
28448.22406768799
22079.825401306152
20795.583724975586
23554.325103759766
24141.07322692871
27614.355087280273
24207.472801208496
25475.382804870605
20112.991333007812
26867.62809753418
27062.89291381836
28034.687042236328
19915.342330932617
22004.84275817871
20004.987716674805
37126.06430053711
25192.37995147705
52428.84159088135
17969.01226043701
44414.28184509277
18525.004386901855
25985.002517700195
38064.002990722656
30136.585235595703
33444.16618347168
22194.14710998535
29006.004333496094
23941.397666931152
24470.68691253662
24268.269538879395
19433.140754699707
28294.32487487793
25158.286094665527
22278.189659118652
36239.26639556885
24050.83179473877
18675.20809173584
58744.66896057129
20533.91933441162
31545.99666595459
33081.41231536865
54369.68803405762
33705.11531829834
30633.80718231201
46451.09176635742
31741.49990081787
32440.900802612305
24682.40261077881
41445.97053527832
22193.193435668945
36039.59083557129
19857.168197631836
24021.029472351074
22686.83910369873
21700.143814086914
40454.03003692627
30880.80883026123
23257.25555419922
30918.598175048828
52585.482597351074
18801.68914794922
23658.75244140625
33599.019050598145
61118.00670623779
19641.399383544922
36579.60891723633
27213.573455810547
39673.0899810791
50136.20853424072
80165.74382781982
40785.55107116699
32824.99313354492
21501.30271911621
19395.828247070312
23096.323013305664
26735.18657684326
27995.34797668457
20875.57315826416
20151.495933532715
20706.772804260254
29967.665672302246
38710.951805114746
37473.79779815674
31723.380088806152
40947.0796585083
20087.718963623047
19096.61293029785
23615.83709716797
18478.51276397705
39148.21147918701
19187.092781066895
19587.63599395752
25072.455406188965
24493.21746826172
20982.027053833008
30593.395233154297
33081.0546875
23332.595825195312
24015.069007873535
20258.307456970215
17991.065979003906
20550.966262817383
22651.91078186035
22546.768188476562
20380.97381591797
20370.2449798584
25002.360343933105
51848.411560058594
29549.002647399902
18915.05718231201
32961.96460723877
23315.787315368652
22421.598434448242
24945.616722106934
19841.670989990234
27464.866638183594
25923.25210571289
20494.580268859863
20635.485649108887
34195.661544799805
22798.29978942871
21025.538444519043
19126.65367126465
33335.44731140137
25547.146797180176
31553.62606048584
24938.225746154785
22178.88832092285
28086.543083190918
30255.31768798828
26712.775230407715
42947.88837432861
38335.323333740234
35806.894302368164
23177.98137664795
20999.19319152832
20564.794540405273
32834.17224884033
22673.964500427246
46139.71710205078
28065.085411071777
32948.61316680908
33613.56258392334
19268.75114440918
34873.008728027344
19984.24530029297
18653.512001037598
36013.24558258057
30755.281448364258
20894.765853881836
24009.46617126465
19702.434539794922
38558.363914489746
30264.854431152344
29650.092124938965
19982.81478881836
37111.28234863281
33258.08048248291
28492.68913269043
33903.24115753174
21273.493766784668
20771.265029907227
20929.336547851562
28016.328811645508
24553.298950195312
24589.6577835083
40923.476219177246
21841.049194335938
23783.564567565918
26004.314422607422
37622.928619384766
31868.696212768555
31262.636184692383
25356.88877105713
31945.94383239746
20797.371864318848
32739.52007293701
43278.93257141113
22143.006324768066
26655.197143554688
21999.716758728027
20971.89426422119
18263.45920562744
18825.769424438477
56723.952293395996
24399.518966674805
30796.170234680176
34615.159034729004
35149.455070495605
25121.80805206299
34945.36876678467
86183.90560150146
23472.309112548828
25046.229362487793
22394.418716430664
30290.12680053711
25042.89150238037
24220.34740447998
29021.9783782959
25209.665298461914
21376.371383666992
21588.802337646484
23903.13148498535
54999.589920043945
37483.69216918945
18168.56861114502
32556.17618560791
21195.76930999756
25207.877159118652
32078.027725219727
20443.081855773926
25594.94972229004
22067.666053771973
24564.027786254883
34979.34341430664
18827.319145202637
18332.242965698242
30490.636825561523
24075.746536254883
38416.147232055664
33117.65193939209
20245.55206298828
27529.95491027832
53785.92014312744
22510.409355163574
23203.253746032715
26106.47678375244
25348.424911499023
55813.55094909668
29266.23821258545
25081.992149353027
38735.62812805176
21267.89093017578
18178.462982177734
28920.05443572998
36846.63772583008
25980.591773986816
22328.13835144043
58563.4708404541
37042.61779785156
17015.21873474121
34975.17108917236
27047.395706176758
32757.878303527832
20302.414894104004
28377.175331115723
24256.70623779297
21929.144859313965
33511.996269226074
33992.52891540527
20812.511444091797
18143.415451049805
37293.195724487305
21051.883697509766
33679.00848388672
22504.210472106934
28863.906860351562
23750.901222229004
26089.906692504883
21412.968635559082
22818.326950073242
18471.717834472656
26149.03450012207
20970.821380615234
26839.852333068848
38982.62977600098
21133.899688720703
18540.263175964355
48165.67897796631
24410.724639892578
19568.204879760742
31158.447265625
24479.50839996338
26270.508766174316
23698.32992553711
21482.110023498535
36977.88715362549
38345.3369140625
23416.638374328613
25197.02911376953
27254.223823547363
20316.243171691895
26782.39345550537
35294.65198516846
42607.66506195068
25051.474571228027
47393.798828125
18632.53116607666
43574.92923736572
22599.458694458008
30749.082565307617
23863.31558227539
25902.271270751953
27826.666831970215
15129.327774047852
33370.9716796875
41374.0873336792
21779.06036376953
33277.86922454834
25687.456130981445
35642.86231994629
25744.199752807617
24291.515350341797
28587.57972717285
25832.653045654297
30503.392219543457
22763.01383972168
21843.671798706055
32382.36904144287
24954.557418823242
21923.89965057373
35349.249839782715
19599.67613220215
20643.115043640137
24909.615516662598
48460.24513244629
19889.235496520996
47120.92876434326
55705.54733276367
37818.7894821167
24378.061294555664
42645.33519744873
22812.962532043457
19354.581832885742
22998.332977294922
41203.85646820068
20244.956016540527
11280.417442321777
48108.816146850586
19841.909408569336
26679.277420043945
24803.40003967285
25994.181632995605
37642.717361450195
39100.64697265625
35329.93793487549
19706.72607421875
39102.67353057861
31952.857971191406
62783.71810913086
19676.3277053833
40823.45962524414
21618.962287902832
25205.612182617188
38061.85722351074
32266.02077484131
24851.91822052002
18655.65776824951
18709.06352996826
37233.829498291016
24237.15591430664
30248.641967773438
30133.605003356934
23808.12168121338
21314.85939025879
27287.24479675293
22203.564643859863
19504.308700561523
33894.30046081543
34152.865409851074
37108.30211639404
21510.958671569824
33562.0641708374
26192.545890808105
32529.95014190674
