27
23
32
20
20
20
24
21
21
29
23
26
21
23
24
20
20
21
24
25
20
22
21
20
33
32
24
23
28
24
24
20
28
28
21
23
22
22
20
24
21
22
21
20
27
22
26
25
24
20
28
20
20
24
20
22
23
22
22
23
23
19
22
22
20
20
20
20
20
20
20
20
20
24
20
20
21
21
22
22
20
22
22
23
23
21
21
26
20
20
24
20
21
24
20
25
25
20
23
24
21
20
25
21
20
21
20
25
21
22
21
20
21
23
20
20
20
20
23
20
20
20
26
33
24
26
23
30
29
31
26
23
23
21
23
23
22
25
22
28
24
25
21
22
24
24
21
22
24
20
24
35
43
36
35
33
30
26
37
37
33
35
28
33
37
26
26
27
26
34
27
31
29
34
26
35
32
27
34
29
28
27
35
37
24
37
26
26
34
28
30
33
34
33
72
31
29
26
27
26
27
26
26
37
37
25
35
26
27
35
30
27
25
30
25
27
29
27
28
27
27
27
24
31
34
26
33
32
28
43
36
35
41
26
27
35
40
34
31
25
39
28
57
27
31
27
35
29
26
32
28
30
50
29
39
27
29
36
28
44
30
34
27
35
25
27
29
31
25
27
30
29
27
36
32
36
35
26
34
32
38
36
29
27
28
26
25
28
27
45
28
25
35
27
28
38
36
27
32
30
28
38
45
26
39
35
27
27
33
27
35
27
36
34
27
29
27
29
35
27
38
25
27
26
26
26
25
31
31
29
37
40
35
25
40
26
35
26
36
27
36
25
28
26
57
36
48
34
40
34
30
30
26
27
47
26
30
36
35
26
31
29
30
27
30
33
32
40
35
35
39
29
46
28
32
25
27
30
28
27
30
35
93
26
33
34
29
25
37
28
30
34
30
32
41
35
32
38
26
44
27
28
27
27
40
27
28
28
31
34
42
28
27
37
41
34
36
29
26
34
26
27
31
35
53
32
31
28
27
27
30
32
34
33
35
35
42
35
27
33
25
28
33
26
26
25
30
26
26
29
29
34
36
36
28
38
28
27
42
33
33
34
29
37
29
40
40
35
34
27
52
38
30
26
33
25
26
27
30
31
27
33
31
26
28
31
31
35
30
39
32
26
34
31
31
50
30
43
41
28
65
58
60
42
41
62
68
49
50
43
52
44
54
41
47
43
35
42
48
54
61
60
58
53
48
35
43
35
33
40
33
42
32
41
29
46
38
28
32
42
47
53
35
34
41
35
45
34
35
34
33
41
41
33
35
34
46
44
34
34
38
33
33
46
34
34
43
49
33
26
24
22
24
24
22
27
24
23
22
25
23
25
23
22
23
22
23
23
26
22
24
23
23
22
33
24
26
30
24
22
22
23
24
24
23
28
24
23
23
24
26
23
24
22
24
25
28
23
23
24
30
22
23
26
28
27
27
22
24
22
26
27
22
24
24
24
28
25
27
26
23
22
22
23
23
22
25
23
22
22
25
25
26
23
23
23
22
27
24
23
27
24
23
25
23
22
25
26
25
23
22
24
22
24
25
25
23
28
23
24
23
32
23
23
23
24
22
26
23
27
23
24
27
24
22
22
24
24
23
24
22
22
24
22
23
27
23
22
23
23
22
23
25
36
25
23
23
23
28
25
23
22
24
23
30
23
23
27
23
30
27
24
23
23
28
23
29
22
30
27
29
27
23
24
23
27
22
28
23
23
24
23
23
23
25
23
22
23
23
28
29
22
23
26
26
26
25
23
23
22
22
22
63
23
22
22
24
22
29
22
23
23
22
22
23
23
26
22
22
23
27
23
23
28
26
47
34
34
44
39
30
30
34
30
40
44
35
35
41
35
35
35
39
59
36
32
35
45
35
42
38
34
33
33
50
42
43
32
34
34
35
45
35
33
33
48
33
33
48
32
34
36
33
33
46
63
50
33
34
44
50
36
36
48
47
34
34
28
30
35
35
30
33
32
33
31
36
49
34
48
34
37
35
34
35
34
47
46
33
43
42
34
33
33
32
49
35
35
47
33
46
35
28
35
53
39
49
33
43
32
39
34
32
44
33
33
36
36
48
35
40
44
35
36
35
41
33
44
46
36
33
33
44
36
34
64
34
37
35
33
33
155
35
35
35
38
49
46
33
35
34
34
47
47
34
36
33
33
34
34
33
43
45
33
37
35
46
33
40
32
32
59
33
35
32
48
33
48
45
62
45
46
46
43
33
34
34
35
58
42
61
34
33
41
32
45
34
38
31
36
28
31
38
34
36
48
34
33
32
43
28
37
37
30
28
41
34
44
46
39
36
30
29
42
40
35
45
46
43
34
33
42
30
39
39
29
42
34
34
47
35
33
33
37
44
44
55
28
34
42
59
34
34
47
39
41
35
37
35
34
34
34
34
33
43
41
36
45
33
35
34
42
32
45
37
37
42
46
46
38
44
46
41
34
34
46
35
46
33
33
37
44
46
33
37
33
33
35
34
35
48
49
44
38
35
42
30
29
28
37
34
45
45
44
33
47
42
34
36
35
35
43
48
35
34
35
35
40
35
34
33
46
34
32
36
44
44
31
45
39
33
34
63
34
34
51
35
35
60
32
32
34
35
42
35
34
32
36
36
33
34
35
33
44
46
46
40
33
35
34
33
50
33
29
39
34
44
50
46
36
36
28
39
39
23
23
23
22
22
22
23
24
22
23
34
23
24
24
26
24
24
22
22
22
28
29
23
23
23
23
32
23
33
26
24
23
27
25
26
23
23
26
26
23
26
26
27
24
24
26
24
27
23
26
22
28
23
22
22
26
24
23
22
23
26
23
29
24
26
24
24
26
23
22
25
22
23
25
27
25
23
22
23
26
44
26
26
30
23
25
23
23
23
24
30
23
25
24
27
24
31
26
26
27
25
32
28
28
25
33
27
26
28
28
23
23
33
27
25
27
25
23
25
25
29
28
24
26
27
24
24
35
24
23
29
29
37
27
25
25
31
23
26
27
26
24
26
52
29
24
23
24
26
27
26
25
35
24
24
27
25
28
24
25
25
24
23
27
24
23
35
27
24
27
27
25
25
25
34
24
24
25
30
25
27
27
22
24
23
27
23
26
27
24
22
24
28
27
29
27
40
23
28
27
25
26
26
27
24
31
24
27
26
25
25
27
23
28
26
28
25
27
25
24
26
25
28
24
24
23
24
23
27
28
27
25
24
32
26
28
23
28
26
25
23
24
38
25
28
25
24
25
24
29
33
24
29
24
26
27
28
31
25
25
25
25
32
26
23
31
29
25
24
23
25
27
28
24
25
23
32
24
25
27
28
27
36
26
27
25
25
28
45
32
24
26
26
23
22
23
24
23
27
26
33
24
26
25
26
24
23
23
22
26
24
25
25
25
29
29
24
30
23
24
23
22
24
27
31
24
23
27
33
24
22
24
23
26
22
27
23
23
22
22
22
22
28
32
28
26
26
23
28
27
27
25
29
27
26
23
27
24
27
24
25
24
28
24
28
24
24
27
24
24
27
28
23
24
25
26
27
23
26
23
22
32
25
22
23
