7
6
6
6
7
6
7
6
6
7
5
6
6
5
6
6
7
6
4
7
6
5
5
7
6
5
8
8
10
5
5
5
6
8
7
8
5
5
7
7
6
5
5
5
10
5
7
8
8
9
11
6
7
7
6
7
8
8
9
4
6
6
6
5
6
6
7
6
6
8
6
6
7
8
6
7
5
6
6
6
7
5
4
6
7
6
6
7
6
7
7
7
5
7
6
6
5
6
6
8
6
6
8
7
6
6
6
10
6
6
8
6
7
8
6
7
8
6
6
6
6
8
8
17
6
8
9
6
4
6
10
8
6
4
18
7
17
6
9
6
10
5
10
8
6
4
4
4
8
9
7
9
9
10
7
7
8
9
5
8
8
7
5
11
6
7
6
7
9
9
9
16
7
7
7
6
7
18
9
17
8
8
11
8
9
9
8
7
7
7
10
8
7
50
5
5
6
5
6
8
7
6
8
20
5
5
7
6
9
17
7
7
32
5
9
7
11
7
9
7
6
7
8
18
7
8
8
8
7
7
11
8
7
6
7
6
18
5
7
6
6
7
6
7
7
5
11
5
4
5
5
11
5
7
8
12
11
7
6
8
13
6
9
8
18
10
8
8
9
10
8
10
8
7
7
8
11
7
8
8
8
9
8
5
7
7
7
9
6
5
8
10
8
8
10
7
8
13
7
9
21
6
9
7
5
6
9
6
8
6
9
6
8
19
10
5
8
5
14
8
10
7
16
5
6
28
6
8
8
11
12
9
7
42
5
9
15
7
6
9
9
6
9
8
9
6
5
7
14
17
8
7
17
8
8
5
6
5
8
9
8
9
7
10
7
6
12
117
9
6
9
7
8
6
7
8
7
6
7
8
5
6
10
9
8
8
7
8
9
8
9
5
10
9
5
7
6
8
9
10
6
5
7
7
11
5
6
8
8
8
8
7
8
7
8
7
20
6
11
20
5
8
32
9
8
5
12
9
7
11
8
7
6
5
10
8
7
7
7
8
6
7
10
6
6
5
11
10
46
12
6
6
7
8
8
6
8
6
20
8
7
8
7
7
6
8
8
8
9
6
7
7
6
10
9
5
6
9
7
8
7
7
7
6
8
10
11
80
10
28
11
18
10
9
9
9
9
12
9
13